Ecoli_mu	Bsubtilis_mu	Ecoli_sigma	Bsubtilis_sigma	
AAA	0.013	0.00313	0.0065	0.0015
AAC	0.01326	0.00457	0.0065	0.0022
AAG	0.01307	0.00829	0.0072	0.0047
AAT	0.01529	0.0049	0.0079	0.0027
ACA	0.02404	0.00384	0.014	0.0022
ACC	0.01914	0.01384	0.01	0.0081
ACG	0.0194	0.00804	0.0102	0.0039
ACT	0.01531	0.00412	0.0084	0.002
AGA	0.03089	0.00804	0.0099	0.0044
AGC	0.01627	0.01006	0.0074	0.0054
AGG	0.02889	0.01832	0.0125	0.0098
AGT	0.01843	0.01148	0.0082	0.0073
ATA	0.01793	0.01165	0.0075	0.0065
ATC	0.01591	0.00492	0.0084	0.0028
ATG	0.01798	0.00476	0.0095	0.0021
ATT	0.01553	0.00485	0.0088	0.0026
CAA	0.01792	0.00372	0.0092	0.0023
CAC	0.01413	0.00587	0.0079	0.0026
CAG	0.01693	0.00918	0.0087	0.0045
CAT	0.01534	0.00529	0.008	0.0028
CCA	0.01929	0.00539	0.0098	0.0034
CCC	0.02652	0.02078	0.0135	0.0147
CCG	0.01551	0.01012	0.0086	0.0055
CCT	0.01858	0.0054	0.0085	0.0028
CGA	0.02292	0.01086	0.0113	0.0078
CGC	0.01653	0.00607	0.0087	0.0026
CGG	0.03036	0.01921	0.0166	0.0119
CGT	0.01173	0.00269	0.0066	0.0005
CTA	0.03195	0.00285	0.0194	0.0017
CTC	0.0251	0.01056	0.0147	0.0052
CTG	0.01649	0.0093	0.0088	0.0053
CTT	0.02145	0.00519	0.0134	0.0028
GAA	0.0139	0.00432	0.0074	0.0024
GAC	0.01303	0.00548	0.0066	0.0029
GAG	0.01436	0.00814	0.0077	0.0045
GAT	0.01568	0.0058	0.0084	0.0025
GCA	0.01338	0.00427	0.0064	0.0021
GCC	0.02041	0.01188	0.0106	0.0069
GCG	0.01348	0.00948	0.0068	0.0061
GCT	0.01852	0.00597	0.0107	0.0034
GGA	0.01938	0.00644	0.0108	0.0039
GGC	0.01575	0.00833	0.0085	0.0052
GGG	0.01792	0.01634	0.0104	0.01
GGT	0.01221	0.00354	0.006	0.0018
GTA	0.01778	0.00335	0.0088	0.0016
GTC	0.017	0.00651	0.0088	0.0034
GTG	0.01728	0.00728	0.0082	0.0041
GTT	0.01493	0.0035	0.0089	0.0018
TAA	0	0	0	0
TAC	0.01983	0.00474	0.0103	0.003
TAG	0	0	0	0
TAT	0.01681	0.00651	0.0087	0.0033
TCA	0.01213	0.00443	0.0062	0.0019
TCC	0.01415	0.01027	0.0078	0.0058
TCG	0.01604	0.01079	0.0083	0.0053
TCT	0.01525	0.00339	0.0093	0.0017
TGA	0	0	0	0
TGC	0.01958	0.01044	0.0108	0.0064
TGG	0.02147	0.00909	0.012	0.0055
TGT	0.01871	0.00669	0.0079	0.0043
TTA	0.02154	0.00416	0.0111	0.0026
TTC	0.01557	0.00337	0.008	0.0012
TTG	0.02046	0.00927	0.0103	0.0052
TTT	0.01748	0.00688	0.0087	0.0039
