"ENCp_HEG" "ENCp_rest" "deltaENCp"
"GCF_000020945.1_ASM2094v1" 55.7898 57.8079 0.0349
"GCF_000016905.1_ASM1690v1" 49.9944 57.0414 0.1235
"GCF_000021285.1_ASM2128v1" 47.6138 56.4256 0.1562
"GCF_000017545.1_ASM1754v1" 44.0888 56.3095 0.217
"GCA_000235405.3_ASM23540v3" 43.6761 56.7571 0.2305
"GCF_000017865.1_ASM1786v1" 52.9074 55.8224 0.0522
"GCF_000217815.1_ASM21781v1" 49.6865 53.7472 0.0756
"GCF_000018945.1_ASM1894v1" 47.0503 51.3141 0.0831
"GCF_000008545.1_ASM854v1" 44.4879 51.5348 0.1367
"GCF_000255135.1_ASM25513v1" 44.1219 56.4925 0.219
"GCF_000018605.1_ASM1860v1" 54.1209 57.4744 0.0583
"GCF_000023325.1_ASM2332v1" 47.2291 57.1874 0.1741
"GCA_000147715.3_ASM14771v3" 51.1003 55.3222 0.0763
"GCF_000212395.1_ASM21239v1" 49.9045 54.9943 0.0926
"GCF_000020965.1_ASM2096v1" 52.1001 54.1204 0.0373
"GCF_000021645.1_ASM2164v1" 47.4803 53.3719 0.1104
"GCF_000266925.1_ASM26692v1" 51.1589 56.371 0.0925
"GCF_000233775.1_ASM23377v1" 51.5992 55.6984 0.0736
"GCF_000024905.1_ASM2490v1" 49.1576 52.4204 0.0622
"GCA_000210715.1_ASM21071v1" 50.2243 56.9542 0.1182
"GCF_000025885.1_ASM2588v1" 52.461 57.2994 0.0844
"GCF_000160495.1_ASM16049v1" 43.5453 50.9958 0.1461
"GCF_000025305.1_ASM2530v1" 37.2895 42.9172 0.1311
"GCF_000230275.1_ASM23027v1" 42.8036 53.7252 0.2033
"GCF_000024945.1_ASM2494v1" 35.9031 51.4019 0.3015
"GCF_000092945.1_ASM9294v1" 49.48 54.3702 0.0899
"GCF_000018425.1_ASM1842v1" 49.9478 54.8975 0.0902
"GCF_000024605.1_ASM2460v1" 55.9483 56.9202 0.0171
"GCF_000016165.1_ASM1616v1" 43.5769 55.918 0.2207
"GCF_000215085.1_ASM21508v1" 44.0303 51.1997 0.14
"GCA_000010565.1_ASM1056v1" 49.3417 53.1545 0.0717
"GCA_000233715.3_ASM23371v3" 47.3758 54.3579 0.1284
"GCF_000024205.1_ASM2420v1" 50.0866 56.4003 0.1119
"GCF_000012865.1_ASM1286v1" 41.3299 51.0174 0.1899
"GCF_000092405.1_ASM9240v1" 53.8912 58.1377 0.073
"GCF_000014725.1_ASM1472v1" 48.1351 53.9915 0.1085
"GCF_000013105.1_ASM1310v1" 46.4113 52.8993 0.1226
"GCF_000512895.1_ASM51289v1" 50.9284 55.6683 0.0851
"GCF_000190635.1_ASM19063v1" 50.4219 55.3228 0.0886
"GCA_000255115.3_ASM25511v3" 51.2775 57.7189 0.1116
"GCF_000235605.1_ASM23560v1" 54.0379 57.2547 0.0562
"GCA_000231385.3_ASM23138v3" 51.8645 58.3144 0.1106
"GCA_000243135.3_ASM24313v3" 51.9025 57.7444 0.1012
"GCA_000243155.3_ASM24315v3" 49.7466 56.1638 0.1143
"GCF_000010045.1_ASM1004v1" 48.5119 54.725 0.1135
"GCA_000231405.3_ASM23140v3" 51.3357 57.364 0.1051
"GCF_000019165.1_ASM1916v1" 51.6758 55.2235 0.0642
"GCF_000213255.1_ASM21325v1" 48.9345 54.3161 0.0991
"GCF_000007085.1_ASM708v1" 49.7785 54.9066 0.0934
"GCA_000147695.3_ASM14769v3" 54.0434 56.6809 0.0465
"GCF_000019085.1_ASM1908v1" 54.1979 56.7002 0.0441
"GCF_000092965.1_ASM9296v1" 53.2326 56.819 0.0631
"GCA_000189775.3_ASM18977v3" 50.4336 55.8398 0.0968
"GCF_000328545.1_ASM32854v1" 53.4294 56.3759 0.0523
"GCF_000145615.1_ASM14561v1" 54.8726 56.4081 0.0272
"GCA_000013845.1_ASM1384v1" 42.0504 54.4237 0.2274
"GCF_000013285.1_ASM1328v1" 41.6897 54.1641 0.2303
"GCF_000016965.1_ASM1696v1" 50.6695 57.2216 0.1145
"GCF_000020285.1_ASM2028v1" 46.1484 56.6516 0.1854
"GCF_000016505.1_ASM1650v1" 54.0468 56.7731 0.048
"GCF_000143685.1_ASM14368v1" 54.0814 56.776 0.0475
"GCF_000007625.1_ASM762v1" 50.6492 56.6665 0.1062
"GCF_000019545.1_ASM1954v1" 52.7263 56.8122 0.0719
"GCF_000204565.1_ASM20456v1" 47.9341 57.3925 0.1648
"GCF_000014125.1_ASM1412v1" 47.13 56.3186 0.1632
"GCF_000145275.1_ASM14527v1" 46.5693 57.4876 0.1899
"GCF_000191905.1_ASM19190v1" 48.9902 56.361 0.1308
"GCF_000024105.1_ASM2410v1" 43.1244 54.7082 0.2117
"GCF_000010185.1_ASM1018v1" 44.5219 54.5145 0.1833
"GCF_000163895.2_ASM16389v2" 45.2315 53.8508 0.1601
"GCF_000196455.1_ASM19645v1" 46.2786 54.7424 0.1546
"GCF_000085225.1_ASM8522v1" 50.1541 57.0257 0.1205
"GCF_000016985.1_ASM1698v1" 57.3046 58.1092 0.0138
"GCF_000018325.1_ASM1832v1" 49.206 57.8124 0.1489
"GCF_000024405.1_ASM2440v1" 46.1852 51.9138 0.1103
"GCF_000023905.1_ASM2390v1" 51.3577 56.4787 0.0907
"GCF_000024565.1_ASM2456v1" 51.7634 57.0078 0.092
"GCF_000165505.1_ASM16550v1" 44.8712 54.981 0.1839
"GCF_000007325.1_ASM732v1" 51.3524 56.1356 0.0852
"GCF_000158275.2_ASM15827v2" 52.7756 56.2812 0.0623
"GCF_000027145.1_ASM2714v1" 42.4712 54.5378 0.2213
"GCF_000060285.1_ASM6028v1" 42.3109 54.5593 0.2245
"GCF_000196035.1_ASM19603v1" 41.6782 53.9525 0.2275
"GCF_000252975.1_ASM25297v1" 42.3019 55.0506 0.2316
"GCF_000168635.2_ASM16863v2" 41.7476 54.0654 0.2278
"GCF_000008285.1_ASM828v1" 41.7355 53.9381 0.2262
"GCF_000091405.1_ASM9140v1" 34.7555 55.3057 0.3716
"GCF_000014425.1_ASM1442v1" 34.5801 54.349 0.3637
"GCF_000191165.1_ASM19116v1" 28.7357 51.0926 0.4376
"GCF_000182835.1_ASM18283v1" 29.4407 51.0765 0.4236
"GCF_000091765.1_ASM9176v1" 32.0961 53.1413 0.396
"GCF_000214785.1_ASM21478v1" 33.1444 53.8749 0.3848
"GCF_000189515.1_ASM18951v1" 32.2456 53.4087 0.3962
"GCF_000011985.1_ASM1198v1" 32.2196 53.1873 0.3942
"GCF_000182855.2_ASM18285v1" 31.3868 51.8005 0.3941
"GCF_000026065.1_ASM2606v1" 36.5954 49.809 0.2653
"GCF_000011045.1_ASM1104v1" 44.6889 51.9167 0.1392
"GCF_000233755.1_ASM23375v1" 44.5262 51.7305 0.1393
"GCF_000155515.2_ASM15551v2" 41.2994 52.2773 0.21
"GCF_000008925.1_ASM892v1" 35.1605 55.302 0.3642
"GCF_000014505.1_ASM1450v1" 37.1179 54.388 0.3175
"GCA_000237995.2_ASM23799v2" 38.5794 55.9029 0.3099
"GCF_000203855.3_ASM20385v3" 38.3768 51.4727 0.2544
"GCF_000014465.1_ASM1446v1" 37.0231 51.8686 0.2862
"GCF_000225325.1_ASM22532v1" 37.5543 53.3775 0.2964
"GCF_000219805.1_ASM21980v1" 20.2063 52.5625 0.6156
"GCF_000014385.1_ASM1438v1" 47.2246 54.999 0.1414
"GCF_000234825.3_ASM23482v3" 20.5775 53.1336 0.6127
"GCF_000092505.1_ASM9250v1" 23.7123 52.0616 0.5445
"GCF_000026405.1_ASM2640v1" 20.1746 51.8801 0.6111
"GCF_000159455.2_ASM15945v2" 34.0557 54.1366 0.3709
"GCF_000010145.1_ASM1014v1" 37.8011 51.9116 0.2718
"GCF_000006865.1_ASM686v1" 33.9672 54.8971 0.3813
"GCF_000009425.1_ASM942v1" 33.7273 55.4722 0.392
"GCF_000014545.1_ASM1454v1" 35.3675 55.6609 0.3646
"GCF_000269925.1_ASM26992v1" 32.7862 53.8027 0.3906
"GCF_000253335.1_ASM25333v1" 30.6636 52.7013 0.4182
"GCF_000011845.1_ASM1184v1" 31.6583 53.3891 0.407
"GCF_000270165.1_ASM27016v1" 33.4827 51.6903 0.3522
"GCF_000213825.1_ASM21382v1" 36.2721 56.1676 0.3542
"GCF_000009545.1_ASM954v1" 38.6343 55.7493 0.307
"GCF_000010705.1_ASM1070v1" 33.735 55.4786 0.3919
"GCF_000219765.1_ASM21976v1" 38.6351 55.9217 0.3091
"GCF_000020765.1_ASM2076v1" 37.8418 55.6567 0.3201
"GCF_000230295.1_ASM23029v1" 35.2649 55.2188 0.3614
"GCF_000012165.1_ASM1216v1" 35.916 55.3689 0.3513
"GCF_000196055.1_ASM19605v1" 36.5182 55.9312 0.3471
"GCF_000007465.2_ASM746v2" 40.7405 55.3003 0.2633
"GCF_000164675.2_ASM16467v2" 32.6945 54.1469 0.3962
"GCF_000253155.1_ASM25315v1" 32.3309 54.3655 0.4053
"GCF_000027165.1_ASM2716v1" 32.5469 54.5077 0.4029
"GCF_000221985.1_ASM22198v1" 31.9681 54.8645 0.4173
"GCF_000251085.2_ASM25108v2" 33.1287 54.6032 0.3933
"GCF_000019025.1_ASM1902v1" 32.6072 54.5201 0.4019
"GCF_000007045.1_ASM704v1" 33.4104 54.2699 0.3844
"GCF_000017005.1_ASM1700v1" 33.207 56.24 0.4095
"GCF_000014205.1_ASM1420v1" 33.9791 55.3623 0.3862
"GCF_000018185.1_ASM1818v1" 31.302 54.8459 0.4293
"GCF_000231865.1_ASM23186v1" 34.7708 54.6675 0.364
"GCF_000231885.1_ASM23188v1" 31.3177 55.2241 0.4329
"GCF_000283615.1_ASM28361v1" 44.6406 54.9852 0.1881
"GCF_000166815.1_ASM16681v1" 43.9044 55.463 0.2084
"GCF_000270185.1_ASM27018v1" 46.1386 56.1632 0.1785
"GCA_000210115.1_ASM21011v1" 39.3906 52.1159 0.2442
"GCF_000007785.1_ASM778v1" 39.9637 52.826 0.2435
"GCF_000172575.2_ASM17257v2" 38.996 51.7049 0.2458
"GCF_000195575.1_ASM19557v1" 41.0057 55.4663 0.2607
"GCF_000193205.1_ASM19320v1" 40.8958 54.2876 0.2467
"GCA_000017965.1_ASM1796v1" 40.0703 55.0476 0.2721
"GCF_000011245.1_ASM1124v1" 47.0245 57.3026 0.1794
"GCF_000023045.1_ASM2304v1" 37.8685 49.7801 0.2393
"GCF_000177235.2_ASM17723v2" 43.5813 58.1003 0.2499
"GCF_000093085.1_ASM9308v1" 45.8864 55.1812 0.1684
"GCF_000009825.1_ASM982v1" 44.8562 53.6627 0.1641
"GCF_000011145.1_ASM1114v1" 47.6181 56.0468 0.1504
"GCF_000005825.2_ASM582v2" 41.8827 56.9482 0.2645
"GCF_000024685.1_ASM2468v1" 46.1488 54.2103 0.1487
"GCA_000146875.2_ASM14687v2" 39.5434 55.5927 0.2887
"GCF_000235585.1_ASM23558v1" 41.9411 55.1515 0.2395
"GCF_000023585.1_ASM2358v1" 39.5421 53.4942 0.2608
"GCA_000227705.3_ASM22770v3" 44.8258 51.1559 0.1237
"GCF_000218915.1_ASM21891v1" 46.0599 54.2327 0.1507
"GCF_000250655.1_ASM25065v1" 46.1465 54.7291 0.1568
"GCF_000010165.1_ASM1016v1" 40.4813 55.5879 0.2718
"GCF_000092905.1_ASM9290v1" 51.816 54.4164 0.0478
"GCF_000024285.1_ASM2428v1" 50.7558 55.2619 0.0815
"GCF_000219875.1_ASM21987v1" 50.5823 55.6537 0.0911
"GCA_000242895.3_ASM24289v3" 48.1355 58.2029 0.173
"GCF_000019045.1_ASM1904v1" 41.7497 49.542 0.1573
"GCF_000166075.1_ASM16607v1" 39.5159 49.9268 0.2085
"GCF_000023385.1_ASM2338v1" 40.9051 51.0892 0.1993
"GCF_000009785.1_ASM978v1" 38.3095 49.1777 0.221
"GCF_000236605.1_ASM23660v1" 37.9791 49.0425 0.2256
"GCF_000015745.1_ASM1574v1" 39.888 50.82 0.2151
"GCF_000015785.1_ASM1578v1" 41.7811 52.4272 0.2031
"GCF_000221645.1_ASM22164v1" 42.5667 52.8565 0.1947
"GCF_000283695.1_ASM28369v1" 44.2329 52.5086 0.1576
"GCF_000165925.1_ASM16592v1" 43.0758 54.9732 0.2164
"GCF_000186745.1_ASM18674v1" 43.5152 54.7646 0.2054
"GCF_000227485.1_ASM22748v1" 40.2518 54.6347 0.2633
"GCF_000227465.1_ASM22746v1" 39.862 54.6662 0.2708
"GCF_000017885.4_ASM1788v4" 41.4958 56.3191 0.2632
"GCF_000008425.1_ASM842v1" 43.0636 53.6976 0.198
"GCF_000017425.1_ASM1742v1" 41.1986 53.9704 0.2366
"GCF_000021305.1_ASM2130v1" 38.1459 54.7819 0.3037
"GCF_000193355.1_ASM19335v1" 38.4938 55.1209 0.3016
"GCF_000092165.1_ASM9216v1" 38.6488 54.656 0.2929
"GCF_000190515.1_ASM19051v1" 38.7016 54.6075 0.2913
"GCF_000008005.1_ASM800v1" 38.6068 54.5406 0.2921
"GCF_000008165.1_ASM816v1" 37.5002 53.9888 0.3054
"GCF_000021785.1_ASM2178v1" 39.0893 54.4816 0.2825
"GCF_000283675.1_ASM28367v1" 38.667 54.4741 0.2902
"GCF_000018825.1_ASM1882v1" 40.1454 54.8715 0.2684
"GCF_000225265.1_ASM22526v1" 40.5893 54.7565 0.2587
"GCF_000025825.1_ASM2582v1" 42.3507 54.846 0.2278
"GCF_000217835.1_ASM21783v1" 42.9106 50.6705 0.1531
"GCF_000010585.1_ASM1058v1" 39.6681 54.226 0.2685
"GCF_000185885.1_ASM18588v1" 38.606 50.0227 0.2282
"GCF_000009405.1_ASM940v1" 39.35 51.9287 0.2422
"GCF_000010125.1_ASM1012v1" 40.3739 53.9988 0.2523
"GCF_000009865.1_ASM986v1" 41.3676 54.3646 0.2391
"GCF_000025085.1_ASM2508v1" 42.3598 53.4648 0.2077
"GCF_000007645.1_ASM764v1" 42.5141 55.9199 0.2397
"GCF_000024585.1_ASM2458v1" 38.7522 53.4812 0.2754
"GCF_000245495.1_ASM24549v1" 39.1927 53.3859 0.2659
"GCF_001602155.1_ASM160215v1" 40.4788 54.0343 0.2509
"GCF_000210615.1_ASM21061v1" 37.9066 55.9373 0.3223
"GCA_000210735.1_ASM21073v1" 38.3403 52.3082 0.267
"GCF_000179635.2_ASM17963v2" 33.7036 52.4748 0.3577
"GCF_000210095.1_ASM21009v1" 37.9222 47.8234 0.207
"GCF_000178115.2_ASM17811v2" 43.0755 51.4256 0.1624
"GCF_000178835.2_ASM17883v2" 42.9265 57.1452 0.2488
"GCA_000210555.1_ASM21055v1" 37.4811 51.4109 0.271
"GCF_000146185.1_ASM14618v1" 35.543 50.3485 0.2941
"GCF_000145035.1_ASM14503v1" 33.3506 51.8246 0.3565
"GCF_000270305.1_ASM27030v1" 37.947 46.8044 0.1892
"GCA_000209815.1_ASM20981v1" 31.3851 51.2265 0.3873
"GCF_000225345.1_ASM22534v1" 37.0035 51.0433 0.2751
"GCA_000210655.1_ASM21065v1" 38.2266 50.4555 0.2424
"GCF_000020605.1_ASM2060v1" 34.2188 53.1191 0.3558
"GCF_000144625.1_ASM14462v1" 50.3083 53.2008 0.0544
"GCA_000210535.1_ASM21053v1" 37.3824 51.7898 0.2782
"GCA_000209895.1_ASM20989v1" 34.8705 51.3765 0.3213
"GCF_000018685.1_ASM1868v1" 44.4491 57.3274 0.2246
"GCF_000247605.1_ASM24760v1" 47.5779 52.7076 0.0973
"GCF_000152245.2_ASM15224v2" 46.0477 52.8963 0.1295
"GCF_000025225.2_ASM2522v1" 47.9426 54.4381 0.1193
"GCF_000244875.1_ASM24487v1" 48.547 56.6329 0.1428
"GCF_000022065.1_ASM2206v1" 50.0316 56.9122 0.1209
"GCF_000184925.1_ASM18492v1" 49.3617 54.9383 0.1015
"GCF_000237085.1_ASM23708v1" 50.3707 56.8002 0.1132
"GCF_000016545.1_ASM1654v1" 46.5461 55.0822 0.155
"GCF_000166355.1_ASM16635v1" 45.0106 54.5275 0.1745
"GCF_000166775.1_ASM16677v1" 44.7333 54.6704 0.1818
"GCF_000166695.1_ASM16669v1" 44.4345 54.6255 0.1866
"GCF_000166335.1_ASM16633v1" 47.8888 54.6411 0.1236
"GCF_000145215.1_ASM14521v1" 45.3191 54.5777 0.1696
"GCF_000213235.1_ASM21323v1" 53.2426 57.7841 0.0786
"GCF_000144645.1_ASM14464v1" 49.291 55.651 0.1143
"GCF_000166415.1_ASM16641v1" 52.9844 56.1635 0.0566
"GCF_000165465.1_ASM16546v1" 50.9217 55.6177 0.0844
"GCF_000020485.1_ASM2048v1" 48.9104 51.9978 0.0594
"GCF_000144695.1_ASM14469v1" 46.4043 54.3601 0.1464
"GCF_000020005.1_ASM2000v1" 55.777 57.8354 0.0356
"GCA_000219855.1_ASM21985v1" 44.5627 50.1023 0.1106
"GCF_000184705.1_ASM18470v1" 50.3985 54.6741 0.0782
"GCF_000009905.1_ASM990v1" 50.8303 55.2027 0.0792
"GCF_000195335.1_ASM19533v1" 53.6898 57.1756 0.061
"GCF_000183745.1_ASM18374v1" 49.6719 55.7551 0.1091
"GCF_000092125.1_ASM9212v1" 53.2377 56.3416 0.0551
"GCF_000024425.1_ASM2442v1" 48.2703 52.554 0.0815
"GCF_000187005.1_ASM18700v1" 51.8798 54.0252 0.0397
"GCF_000309885.1_ASM30988v1" 52.6812 54.2087 0.0282
"GCF_000236585.1_ASM23658v1" 51.5733 54.1406 0.0474
"GCF_000258245.1_ASM25824v1" 53.7537 55.0116 0.0229
"GCF_000091545.1_ASM9154v1" 53.8827 54.8953 0.0184
"GCF_000186385.1_ASM18638v1" 50.2557 52.1425 0.0362
"GCF_000317835.1_ASM31783v1" 48.176 53.5242 0.0999
"GCF_000252445.1_ASM25244v1" 45.4273 53.694 0.154
"GCF_000020685.1_ASM2068v1" 44.7211 52.4202 0.1469
"GCF_000008565.1_ASM856v1" 43.7307 53.1698 0.1775
"GCF_000190555.1_ASM19055v1" 40.6991 49.6999 0.1811
"GCF_000196275.1_ASM19627v1" 49.2603 54.6744 0.099
"GCF_000092425.1_ASM9242v1" 47.7406 53.5491 0.1085
"GCF_000011385.1_ASM1138v1" 49.3754 54.0575 0.0866
"GCF_000013225.1_ASM1322v1" 48.9432 52.7342 0.0719
"GCF_000013205.1_ASM1320v1" 49.088 53.3153 0.0793
"GCF_000063525.1_ASM6352v1" 48.0258 51.2991 0.0638
"GCF_000014585.1_ASM1458v1" 47.9531 56.3159 0.1485
"GCF_000063505.1_ASM6350v1" 45.1805 54.2269 0.1668
"GCF_000195975.1_ASM19597v1" 47.3224 54.1071 0.1254
"GCF_000012625.1_ASM1262v1" 46.1837 54.4791 0.1523
"GCF_000012505.1_ASM1250v1" 48.3317 55.589 0.1306
"GCF_000018585.1_ASM1858v1" 53.303 57.8812 0.0791
"GCF_000011465.1_ASM1146v1" 53.1232 56.881 0.0661
"GCF_000015665.1_ASM1566v1" 54.0485 56.9545 0.051
"GCF_000018065.1_ASM1806v1" 53.3703 56.8602 0.0614
"GCF_000015965.1_ASM1596v1" 54.1185 56.8455 0.048
"GCF_000015645.1_ASM1564v1" 50.6593 56.8469 0.1088
"GCF_000012645.1_ASM1264v1" 49.2512 56.7997 0.1329
"GCF_000015685.1_ASM1568v1" 46.3299 57.5689 0.1952
"GCF_000015705.1_ASM1570v1" 55.6073 56.953 0.0236
"GCF_000012525.1_ASM1252v1" 43.6072 54.3048 0.197
"GCF_000011345.1_ASM1134v1" 50.2663 52.8823 0.0495
"GCF_000022045.1_ASM2204v1" 47.6257 53.2743 0.106
"GCF_000018105.1_ASM1810v1" 53.8358 55.95 0.0378
"GCF_000014265.1_ASM1426v1" 53.5589 57.2093 0.0638
"GCF_000210375.1_ASM21037v1" 54.498 55.2507 0.0136
"GCF_000020025.1_ASM2002v1" 51.6765 56.1452 0.0796
"GCA_000204075.1_ASM20407v1" 45.2308 55.5116 0.1852
"GCF_000196515.1_ASM19651v1" 46.1264 56.5362 0.1841
"GCF_000021805.1_ASM2180v1" 50.0709 52.6136 0.0483
"GCF_000017845.1_ASM1784v1" 46.6681 52.866 0.1172
"GCF_000010625.1_ASM1062v1" 48.5555 54.3668 0.1069
"GCF_000021825.1_ASM2182v1" 50.9201 53.0774 0.0406
"GCF_000147335.1_ASM14733v1" 51.4832 54.602 0.0571
"GCF_000019485.1_ASM1948v1" 50.0005 52.8023 0.0531
"GCF_000009725.1_ASM972v1" 46.9156 52.0906 0.0993
"GCF_000143165.1_ASM14316v1" 44.5847 52.438 0.1498
"GCF_000025585.1_ASM2558v1" 46.0631 52.3584 0.1202
"GCF_000011905.1_ASM1190v1" 42.5891 51.0722 0.1661
"GCF_000025025.1_ASM2502v1" 43.6515 52.2152 0.164
"GCF_000021685.1_ASM2168v1" 53.0431 54.8195 0.0324
"GCF_000024985.1_ASM2498v1" 53.1697 56.3388 0.0563
"GCF_000025005.1_ASM2500v1" 52.9778 56.9808 0.0703
"GCA_000018565.1_ASM1856v1" 37.2674 46.4387 0.1975
"GCF_000021945.1_ASM2194v1" 49.7175 53.3519 0.0681
"GCF_000022185.1_ASM2218v1" 49.863 53.381 0.0659
"GCF_000016665.1_ASM1666v1" 49.9709 52.1357 0.0415
"GCF_000017805.1_ASM1780v1" 52.0249 52.0123 -2e-04
"GCF_000199675.1_ASM19967v1" 44.5688 51.9601 0.1422
"GCF_000023845.1_ASM2384v1" 2 53.886 0.9629
"GCF_000270285.1_ASM27028v1" 49.8581 53.9157 0.0753
"GCF_000210055.1_ASM21005v1" 47.5861 53.6918 0.1137
"GCF_000024265.1_ASM2426v1" 48.3007 52.4626 0.0793
"GCF_000023885.1_ASM2388v1" 45.3412 52.9681 0.144
"GCF_000024225.1_ASM2422v1" 38.2561 53.1138 0.2797
"GCF_000143845.1_ASM14384v1" 49.7585 56.5685 0.1204
"GCF_000195315.1_ASM19531v1" 49.3821 54.6199 0.0959
"GCF_000177615.2_ASM17761v2" 51.8616 55.2989 0.0622
"GCF_000058485.1_ASM5848v1" 52.7231 55.8416 0.0558
"GCF_000013345.1_ASM1334v1" 52.3556 56.0535 0.066
"GCF_000018005.1_ASM1800v1" 52.5825 56.242 0.0651
"GCF_000166135.1_ASM16613v1" 50.6109 55.4279 0.0869
"GCF_000015025.1_ASM1502v1" 51.9528 55.4165 0.0625
"GCF_000023405.1_ASM2340v1" 50.5408 54.8124 0.0779
"GCF_000025205.1_ASM2520v1" 34.6467 50.2028 0.3099
"GCF_000213955.1_ASM21395v1" 32.9216 51.3445 0.3588
"GCF_000024445.1_ASM2444v1" 38.8561 50.3255 0.2279
"GCF_000010425.1_ASM1042v1" 39.5523 49.5963 0.2025
"GCF_000165905.1_ASM16590v1" 43.0761 52.0698 0.1727
"GCF_000213865.1_ASM21386v1" 40.0549 51.7011 0.2253
"GCF_000092325.1_ASM9232v1" 40.5827 51.6318 0.214
"GCF_000210755.1_ASM21075v1" 41.1408 51.2654 0.1975
"GCF_000022705.1_ASM2270v1" 45.2265 51.8652 0.128
"GCF_000224965.2_ASM22496v2" 45.2265 51.8514 0.1278
"GCF_000196535.1_ASM19653v1" 43.6826 53.8525 0.1888
"GCF_000092365.1_ASM9236v1" 36.5903 53.1235 0.3112
"GCF_000023105.1_ASM2310v1" 51.1257 55.2531 0.0747
"GCF_000218545.1_ASM21854v1" 46.4481 53.6328 0.134
"GCF_000092865.1_ASM9286v1" 48.0246 54.3157 0.1158
"GCF_000024925.1_ASM2492v1" 49.6293 54.1862 0.0841
"GCF_000024065.1_ASM2406v1" 47.7726 55.1432 0.1337
"GCF_000215105.1_ASM21510v1" 49.0769 55.0217 0.108
"GCF_000024965.1_ASM2496v1" 48.9546 55.5853 0.1193
"GCF_000202635.1_ASM20263v1" 46.0005 54.2167 0.1515
"GCF_000007665.1_ASM766v1" 50.2251 56.2017 0.1063
"GCF_000063485.1_ASM6348v1" 51.1267 55.4268 0.0776
"GCF_000197735.1_ASM19773v1" 37.4271 51.8878 0.2787
"GCF_000196235.1_ASM19623v1" 46.5779 54.8293 0.1505
"GCF_000189535.1_ASM18953v1" 46.7371 54.7592 0.1465
"GCF_000022025.1_ASM2202v1" 47.4531 54.0429 0.1219
"GCF_000014925.1_ASM1492v1" 45.2705 56.3834 0.1971
"GCF_000018885.1_ASM1888v1" 46.0767 55.9933 0.1771
"GCF_000010285.1_ASM1028v1" 48.3998 54.0958 0.1053
"GCF_000164695.2_ASM16469v2" 40.4003 55.0057 0.2655
"GCF_000011025.1_ASM1102v1" 36.594 48.2052 0.2409
"GCF_000023205.1_ASM2320v1" 47.8005 55.231 0.1345
"GCF_000017305.1_ASM1730v1" 51.0424 55.9297 0.0874
"GCF_000023925.1_ASM2392v1" 45.8249 54.4737 0.1588
"GCF_000184685.1_ASM18468v1" 50.6984 55.973 0.0942
"GCF_000015265.1_ASM1526v1" 51.4875 55.8448 0.078
"GCF_000270245.1_ASM27024v1" 49.5446 54.0873 0.084
"GCF_000008345.1_ASM834v1" 48.2764 57.459 0.1598
"GCF_000240055.1_ASM24005v1" 48.1393 57.372 0.1609
"GCF_000024345.1_ASM2434v1" 48.3717 53.9667 0.1037
"GCF_000024025.1_ASM2402v1" 49.3192 54.4498 0.0942
"GCF_000269985.1_ASM26998v1" 48.6934 54.1416 0.1006
"GCF_000237305.1_ASM23730v1" 49.3722 54.6565 0.0967
"GCF_000203835.1_ASM20383v1" 49.1558 55.4768 0.1139
"GCF_000092385.1_ASM9238v1" 50.1742 55.5237 0.0963
"GCA_000147815.3_ASM14781v3" 49.7981 55.2901 0.0993
"GCF_000010605.1_ASM1060v1" 49.4825 55.9213 0.1151
"GCF_000213055.1_ASM21305v1" 50.207 57.119 0.121
"GCF_000091305.1_ASM9130v1" 48.1785 55.5555 0.1328
"GCF_000009765.2_ASM976v2" 47.8617 55.7759 0.1419
"GCF_000092825.1_ASM9282v1" 53.7876 56.4798 0.0477
"GCF_000023145.1_ASM2314v1" 45.8979 57.177 0.1973
"GCF_000069945.1_ASM6994v1" 40.8826 53.9339 0.242
"GCF_000006605.1_ASM660v1" 36.8846 53.0369 0.3045
"GCF_000177535.2_ASM17753v2" 33.7909 55.0634 0.3863
"GCF_000179395.2_ASM17939v2" 43.1347 52.7263 0.1819
"GCF_000022905.1_ASM2290v1" 42.4533 54.2142 0.2169
"GCF_000215645.1_ASM21564v1" 27.2178 57.341 0.5253
"GCF_000255935.1_ASM25593v1" 46.509 57.7753 0.195
"GCF_000152065.1_ASM15206v1" 46.509 57.7047 0.194
"GCF_000195815.1_ASM19581v1" 39.1113 55.4953 0.2952
"GCF_000255235.1_ASM25523v1" 39.5891 55.4846 0.2865
"GCF_000011305.1_ASM1130v1" 41.4009 51.7961 0.2007
"GCF_000011325.1_ASM1132v1" 37.5839 53.6257 0.2991
"GCF_000214175.1_ASM21417v1" 51.3088 56.9866 0.0996
"GCF_000009805.1_ASM980v1" 48.3171 53.5757 0.0982
"GCF_000284035.1_ASM28403v1" 45.7807 52.1362 0.1219
"GCF_000196695.1_ASM19669v1" 45.9468 54.1917 0.1521
"GCF_000010105.1_ASM1010v1" 46.1785 54.6117 0.1544
"GCF_000010805.1_ASM1080v1" 49.1769 55.14 0.1081
"GCF_000014565.1_ASM1456v1" 49.0744 55.4149 0.1144
"GCF_000092225.1_ASM9222v1" 47.7738 54.5748 0.1246
"GCF_000024785.1_ASM2478v1" 46.7035 53.7522 0.1311
"GCF_000247715.1_ASM24771v1" 45.8958 53.4973 0.1421
"GCA_000230895.3_ASM23089v3" 50.1046 55.2228 0.0927
"GCF_000266905.1_ASM26690v1" 49.6589 54.886 0.0952
"GCF_000016365.1_ASM1636v1" 48.7248 54.6082 0.1077
"GCF_000015305.1_ASM1530v1" 48.8986 54.6438 0.1051
"GCF_000015405.1_ASM1540v1" 47.8832 54.2783 0.1178
"GCF_000015005.1_ASM1500v1" 47.7479 53.8418 0.1132
"GCF_000214155.1_ASM21415v1" 48.7089 52.7527 0.0767
"GCF_000277145.1_ASM27714v1" 50.0799 54.2991 0.0777
"GCF_000014985.1_ASM1498v1" 49.9982 53.2869 0.0617
"GCF_000026685.1_ASM2668v1" 52.2604 56.788 0.0797
"GCF_000154605.2_ASM15460v2" 51.9967 54.9808 0.0543
"GCF_000153685.2_ASM15368v2" 52.0393 54.9434 0.0529
"GCF_000023625.1_ASM2362v1" 52.1704 54.9667 0.0509
"GCA_000277085.1_ASM27708v1" 52.0072 55.1609 0.0572
"GCF_000224435.1_ASM22443v1" 51.7288 54.9626 0.0588
"GCA_000013925.1_ASM1392v1" 48.9814 54.611 0.1031
"GCF_000069185.1_ASM6918v1" 47.2009 55.2422 0.1456
"GCF_000196675.1_ASM19667v1" 50.1717 55.8868 0.1023
"GCF_000062885.1_ASM6288v1" 49.2728 54.8874 0.1023
"GCF_000023245.1_ASM2324v1" 50.7016 55.6854 0.0895
"GCF_000220945.1_ASM22094v1" 48.9811 54.0842 0.0944
"GCF_000023865.1_ASM2386v1" 49.2657 54.4243 0.0948
"GCF_000196835.1_ASM19683v1" 48.8236 54.0275 0.0963
"GCF_000024365.1_ASM2436v1" 49.0872 52.1497 0.0587
"GCF_000025345.1_ASM2534v1" 50.5239 55.2699 0.0859
"GCF_000024545.1_ASM2454v1" 46.9196 52.7829 0.1111
"GCF_000237145.1_ASM23714v1" 48.5995 53.2795 0.0878
"GCF_000016425.1_ASM1642v1" 49.8648 55.4198 0.1002
"GCF_000018265.1_ASM1826v1" 48.9998 55.1458 0.1115
"GCF_000204155.1_ASM20415v1" 48.0807 53.4203 0.1
"GCF_000177655.2_ASM17765v2" 48.826 54.3438 0.1015
"GCF_000092645.1_ASM9264v1" 53.0527 56.413 0.0596
"GCF_000024865.1_ASM2486v1" 51.389 56.1056 0.0841
"GCF_000092985.1_ASM9298v1" 50.369 54.8223 0.0812
"GCF_000012405.1_ASM1240v1" 52.0987 55.2873 0.0577
"GCF_000023265.1_ASM2326v1" 48.8847 53.5855 0.0877
"GCF_000025265.1_ASM2526v1" 40.8831 52.0597 0.2147
"GCF_000014185.1_ASM1418v1" 55.2682 57.3847 0.0369
"GCF_000025185.1_ASM2518v1" 41.2568 52.548 0.2149
"GCF_000196115.1_ASM19611v1" 43.5146 52.0868 0.1646
"GCF_000092105.1_ASM9210v1" 49.048 54.7589 0.1043
"GCA_000165715.3_ASM16571v3" 42.284 52.9434 0.2013
"GCF_000186345.1_ASM18634v1" 50.9908 54.8325 0.0701
"GCA_000242455.3_ASM24245v3" 53.428 56.6085 0.0562
"GCF_000237205.1_ASM23720v1" 50.0598 56.674 0.1167
"GCF_000011565.1_ASM1156v1" 49.3478 56.0992 0.1203
"GCF_000092785.1_ASM9278v1" 50.8593 55.9226 0.0905
"GCF_000253035.1_ASM25303v1" 51.2808 56.308 0.0893
"GCF_000006685.1_ASM668v1" 47.7289 57.0528 0.1634
"GCF_000226605.1_ASM22660v1" 51.6433 57.0456 0.0947
"GCF_000011165.1_ASM1116v1" 27.9586 58.1354 0.5191
"GCF_000204135.1_ASM20413v1" 52.1881 56.8403 0.0818
"GCF_000026025.1_ASM2602v1" 49.2729 57.7268 0.1464
"GCF_000191925.1_ASM19192v1" 48.8297 57.7142 0.1539
"GCF_000007605.1_ASM760v1" 47.96 57.1872 0.1614
"GCF_000009945.1_ASM994v1" 47.5355 57.8445 0.1782
"GCF_000025905.1_ASM2590v1" 40.4653 54.436 0.2566
"GCF_000019965.1_ASM1996v1" 50.0217 53.6305 0.0673
"GCA_000242935.3_ASM24293v3" 51.425 54.5424 0.0572
"GCF_000019665.1_ASM1966v1" 51.1107 55.778 0.0837
"GCF_000020225.1_ASM2022v1" 44.1855 49.8878 0.1143
"GCF_000143725.1_ASM14372v1" 45.0761 52.7037 0.1447
"GCF_000092845.1_ASM9284v1" 45.6806 52.6382 0.1322
"GCF_000022105.1_ASM2210v1" 44.896 51.8883 0.1348
"GCF_000223215.1_ASM22321v1" 43.9632 52.6298 0.1647
"GCF_000019685.1_ASM1968v1" 55.1838 57.9511 0.0478
"GCF_000012085.1_ASM1208v1" 55.881 57.5762 0.0294
"GCF_000165595.2_ASM16559v2" 53.6222 56.5944 0.0525
"GCF_000222305.1_ASM22230v1" 52.3459 56.4542 0.0728
"GCF_000196215.1_ASM19621v1" 51.116 56.0484 0.088
"GCA_000166655.2_ASM16665v1" 50.6286 56.5818 0.1052
"GCF_000147075.1_ASM14707v1" 50.5296 52.663 0.0405
"GCA_000184345.2_ASM18434v2" 49.6567 52.9989 0.0631
"GCA_000242595.3_ASM24259v3" 43.329 50.5382 0.1426
"GCF_000214355.1_ASM21435v1" 50.9881 54.2666 0.0604
"GCF_000214375.1_ASM21437v1" 45.2494 51.315 0.1182
"GCF_000212415.1_ASM21241v1" 42.493 49.3242 0.1385
"GCF_000195275.1_ASM19527v1" 38.1729 49.9995 0.2365
"GCF_000008185.1_ASM818v1" 52.2472 56.0302 0.0675
"GCF_000024485.1_ASM2448v1" 52.7562 56.3924 0.0645
"GCF_000246775.1_ASM24677v1" 52.5668 56.3729 0.0675
"GCF_000208385.1_ASM20838v1" 50.4366 55.5104 0.0914
"GCF_000190435.1_ASM19043v1" 49.5658 56.915 0.1291
"GCF_000236685.1_ASM23668v1" 50.8239 56.7064 0.1037
"GCF_000143985.1_ASM14398v1" 52.7983 56.4812 0.0652
"GCF_000266885.1_ASM26688v1" 45.6238 52.3536 0.1285
"GCF_000017685.1_ASM1768v1" 49.3809 56.1019 0.1198
"GCF_000007685.1_ASM768v1" 52.8851 56.7687 0.0684
"GCF_000231175.1_ASM23117v1" 54.1275 56.8478 0.0479
"GCF_000013945.1_ASM1394v1" 51.1778 55.3179 0.0748
"GCF_000024665.1_ASM2466v1" 36.1961 50.7487 0.2868
"GCF_000010305.1_ASM1030v1" 40.2799 51.6399 0.22
"GCF_000020525.1_ASM2052v1" 42.5279 50.4844 0.1576
"GCF_000020625.1_ASM2062v1" 49.9983 55.7046 0.1024
"GCF_000020545.1_ASM2054v1" 53.4537 56.1824 0.0486
"GCF_000006985.1_ASM698v1" 49.7865 54.6725 0.0894
"GCF_000020505.1_ASM2050v1" 48.1733 54.4834 0.1158
"GCF_000020465.1_ASM2046v1" 50.4002 54.9356 0.0826
"GCF_000015125.1_ASM1512v1" 53.5514 55.8532 0.0412
"GCF_000016085.1_ASM1608v1" 46.6167 55.0489 0.1532
"GCF_000012485.1_ASM1248v1" 46.1078 55.5269 0.1696
"GCF_000020645.1_ASM2064v1" 52.6697 56.412 0.0663
"GCF_000012585.1_ASM1258v1" 43.8546 49.4421 0.113
"GCF_000218895.1_ASM21889v1" 47.9226 53.3088 0.101
"GCF_000263195.1_ASM26319v1" 42.1999 56.0998 0.2478
"GCA_000024525.1_ASM2452v1" 46.09 53.2872 0.1351
"GCF_000023125.1_ASM2312v1" 46.9365 53.2603 0.1187
"GCF_000166395.1_ASM16639v1" 44.6372 57.6091 0.2252
"GCF_000014145.1_ASM1414v1" 43.337 52.3955 0.1729
"GCF_000020565.1_ASM2056v1" 53.1089 57.3733 0.0743
"GCF_000183425.1_ASM18342v1" 50.3824 57.5862 0.1251
"GCF_000265505.1_ASM26550v1" 44.7521 55.2293 0.1897
"GCF_000222485.1_ASM22248v1" 54.919 56.7823 0.0328
"GCF_000325705.1_ASM32570v1" 53.1813 56.2953 0.0553
"GCA_000242635.3_ASM24263v3" 41.7684 56.6253 0.2624
"GCF_000192845.1_ASM19284v1" 53.0606 57.7479 0.0812
"GCF_000023825.1_ASM2382v1" 49.0659 54.2627 0.0958
"GCF_000238215.1_ASM23821v1" 46.0396 54.1409 0.1496
"GCF_000190535.1_ASM19053v1" 44.4259 52.6146 0.1556
"GCF_000212375.1_ASM21237v1" 39.7871 53.8136 0.2606
"GCF_000007585.1_ASM758v1" 44.249 56.1624 0.2121
"GCF_000183135.1_ASM18313v1" 42.2413 55.3303 0.2366
"GCF_000010645.1_ASM1064v1" 51.9074 57.3906 0.0955
"GCF_000012825.1_ASM1282v1" 39.3499 53.4882 0.2643
"GCF_000190575.1_ASM19057v1" 38.8581 53.3513 0.2717
"GCF_000025985.1_ASM2598v1" 39.4838 54.1761 0.2712
"GCF_000011065.1_ASM1106v1" 38.7016 53.6714 0.2789
"GCA_000210075.1_ASM21007v1" 37.4571 53.7896 0.3036
"GCF_000186225.1_ASM18622v1" 47.407 53.7211 0.1175
"GCF_000025925.1_ASM2592v1" 34.2854 49.6262 0.3091
"GCF_000163055.2_ASM16305v2" 39.2587 55.1389 0.288
"GCF_000144405.1_ASM14440v1" 34.6389 52.5236 0.3405
"GCF_000261025.1_ASM26102v1" 38.2097 53.5695 0.2867
"GCF_000220215.1_ASM22021v1" 49.6544 54.0526 0.0814
"GCF_000012845.1_ASM1284v1" 39.1953 53.1691 0.2628
"GCF_000512915.1_ASM51291v1" 40.7683 53.2382 0.2342
"GCF_000265365.1_ASM26536v1" 45.9364 52.3391 0.1223
"GCF_000194605.1_ASM19460v1" 40.2852 54.719 0.2638
"GCF_000236405.1_ASM23640v1" 54.4577 56.487 0.0359
"GCF_000233435.1_ASM23343v1" 46.8165 55.4298 0.1554
"GCF_000022605.2_ASM2260v1" 51.7734 55.3467 0.0646
"GCF_000093165.1_ASM9316v1" 48.1067 55.9007 0.1394
"GCF_000265465.1_ASM26546v1" 45.9653 54.5961 0.1581
"GCF_000023725.1_ASM2372v1" 50.6402 54.4175 0.0694
"GCF_000183155.1_ASM18315v1" 45.6916 57.0161 0.1986
"GCF_000191565.1_ASM19156v1" 45.5301 57.2245 0.2044
"GCF_000189415.1_ASM18941v1" 47.2138 55.555 0.1501
"GCF_000016645.1_ASM1664v1" 43.7732 55.3061 0.2085
"GCF_000064305.2_ASM6430v2" 49.1473 56.9069 0.1364
"GCF_000220625.1_ASM22062v1" 45.4664 54.9558 0.1727
"GCF_000023285.1_ASM2328v1" 42.9466 52.277 0.1785
"GCF_000024125.1_ASM2412v1" 48.3432 51.926 0.069
"GCF_000153165.2_ASM15316v2" 53.0201 57.8007 0.0827
"GCF_000190595.1_ASM19059v1" 46.0374 54.0831 0.1488
"GCF_000186265.1_ASM18626v1" 47.7564 57.7421 0.1729
"GCF_000152945.2_ASM15294v2" 47.003 55.4218 0.1519
"GCA_000211855.3_ASM21185v3" 45.0376 55.1118 0.1828
"GCF_000023465.1_ASM2346v1" 52.1886 57.3794 0.0905
"GCF_000060345.1_ASM6034v1" 52.1348 57.6885 0.0963
"GCF_000265385.1_ASM26538v1" 48.1397 56.0922 0.1418
"GCF_000224085.1_ASM22408v1" 47.0298 54.8177 0.1421
"GCF_000240075.2_ASM24007v2" 44.5108 56.931 0.2182
"GCF_000024005.1_ASM2400v1" 37.5447 51.9791 0.2777
"GCF_000246855.1_ASM24685v1" 46.3796 51.9607 0.1074
"GCA_000243115.3_ASM24311v3" 46.7666 52.0214 0.101
"GCF_000212735.1_ASM21273v1" 47.3051 52.3364 0.0961
"GCF_000250635.1_ASM25063v1" 42.6615 51.6969 0.1748
"GCF_000024845.1_ASM2484v1" 47.76 51.645 0.0752
"GCF_000224745.1_ASM22474v1" 48.7647 51.7824 0.0583
"GCF_000013045.1_ASM1304v1" 53.2563 56.3956 0.0557
"GCA_000146025.1_ASM14602v1" 50.9473 54.66 0.0679
"GCF_000020145.1_ASM2014v1" 43.1407 51.01 0.1543
"GCF_000020985.1_ASM2098v1" 47.5862 53.4663 0.11
"GCF_000025725.1_ASM2572v1" 43.235 54.0169 0.1996
"GCF_000183405.1_ASM18340v1" 50.1335 55.6774 0.0996
"GCF_000218625.1_ASM21862v1" 50.5718 55.3924 0.087
"GCF_000177635.2_ASM17763v2" 43.8794 51.3875 0.1461
"GCF_000517565.1_ASM51756v1" 52.0923 55.0143 0.0531
"GCF_000194135.1_ASM19413v1" 50.8397 54.7236 0.071
"GCF_000021725.1_ASM2172v1" 40.9761 54.0661 0.2421
"GCF_000012965.1_ASM1296v1" 47.0086 54.9971 0.1453
"GCF_000147355.1_ASM14735v1" 47.878 56.3538 0.1504
"GCF_000183725.1_ASM18372v1" 40.16 53.208 0.2452
"GCF_000186245.1_ASM18624v1" 48.4249 54.6966 0.1147
"GCF_000010345.1_ASM1034v1" 42.8195 55.3801 0.2268
"GCF_000017465.1_ASM1746v1" 49.1023 53.5472 0.083
"GCF_000017725.1_ASM1772v1" 46.2649 51.4375 0.1006
"GCF_000017585.1_ASM1758v1" 42.1289 52.3627 0.1954
"GCF_000015085.1_ASM1508v1" 49.9562 55.5826 0.1012
"GCF_000019205.1_ASM1920v1" 52.7012 54.2437 0.0284
"GCF_000011865.1_ASM1186v1" 49.1703 54.5459 0.0986
"GCF_000017485.1_ASM1748v1" 47.1144 55.0705 0.1445
"GCF_000024885.1_ASM2488v1" 47.9484 53.4157 0.1024
"GCF_000265295.1_ASM26529v1" 48.2598 53.4189 0.0966
"GCF_000092245.1_ASM9224v1" 47.4632 56.2524 0.1562
"GCF_000284355.1_ASM28435v1" 45.6602 55.4172 0.1761
"GCF_000284235.1_ASM28423v1" 46.7721 55.9493 0.164
"GCF_000014025.1_ASM1402v1" 45.6665 55.3246 0.1746
"GCF_000196135.1_ASM19613v1" 47.3082 52.1946 0.0936
"GCF_000091985.1_ASM9198v1" 44.5385 51.5285 0.1357
"GCF_000200595.1_ASM20059v1" 41.1537 49.4645 0.168
"GCF_000237285.1_ASM23728v1" 42.4126 49.84 0.149
"GCF_000011725.1_ASM1172v1" 41.3379 50.0675 0.1744
"GCF_000270045.1_ASM27004v1" 43.0727 50.0376 0.1392
"GCF_000008525.1_ASM852v1" 42.8937 49.9211 0.1408
"GCF_000196755.1_ASM19675v1" 42.7587 50.2323 0.1488
"GCF_000021165.1_ASM2116v1" 42.1435 50.5113 0.1657
"GCF_000009305.1_ASM930v1" 44.0075 50.6588 0.1313
"GCF_000185245.1_ASM18524v1" 40.49 50.085 0.1916
"GCF_000148665.1_ASM14866v1" 41.5984 50.2949 0.1729
"GCF_000178935.2_ASM17893v2" 42.4447 50.1884 0.1543
"GCF_000255955.1_ASM25595v1" 43.7559 50.3883 0.1316
"GCF_000224575.1_ASM22457v1" 42.7783 50.1759 0.1474
"GCF_000007905.1_ASM790v1" 48.2714 52.7823 0.0855
"GCF_000010325.1_ASM1032v1" 50.0137 56.5787 0.116
"GCF_000185805.1_ASM18580v1" 43.7405 49.7522 0.1208
"GCF_000191045.1_ASM19104v1" 40.1058 53.3176 0.2478
"GCF_000008625.1_ASM862v1" 42.5867 49.6085 0.1415
"GCF_000020785.1_ASM2078v1" 44.9732 52.3177 0.1404
"GCF_000348765.2_ASM34876v2" 45.8696 52.1342 0.1202
"GCF_000010785.1_ASM1078v1" 46.0297 50.6811 0.0918
"GCF_000025605.1_ASM2560v1" 45.3777 50.6093 0.1034
"GCF_000021545.1_ASM2154v1" 45.9928 52.6529 0.1265
"GCF_000020325.1_ASM2032v1" 47.2643 54.3084 0.1297
"GCF_000021565.1_ASM2156v1" 40.68 47.3936 0.1417
"GCF_000196815.1_ASM19681v1" 50.356 55.0174 0.0847
"GCF_000226295.1_ASM22629v1" 50.5112 52.8452 0.0442
"GCF_000014905.1_ASM1490v1" 49.7678 54.1377 0.0807
"GCF_000014005.1_ASM1400v1" 47.8654 54.2206 0.1172
"GCF_000022565.1_ASM2256v1" 42.2559 52.6552 0.1975
"GCF_000178975.2_ASM17897v2" 53.3038 57.3945 0.0713
"GCF_000265425.1_ASM26542v1" 46.5612 54.0378 0.1384
"GCF_000179915.2_ASM17991v2" 49.7972 55.7461 0.1067
"GCF_000012885.1_ASM1288v1" 44.391 53.314 0.1674
"GCF_000020385.1_ASM2038v1" 43.7457 51.5887 0.152
"GCF_000015045.1_ASM1504v1" 47.9667 54.4742 0.1195
"GCF_000210155.1_ASM21015v1" 52.3458 55.8523 0.0628
"GCF_000012925.1_ASM1292v1" 53.0418 56.4874 0.061
"GCF_000022265.1_ASM2226v1" 50.0704 55.6106 0.0996
"GCF_000016745.1_ASM1674v1" 52.3633 56.6119 0.075
"GCF_000023645.1_ASM2364v1" 49.2712 57.4093 0.1418
"GCF_000175115.2_ASM17511v2" 50.3364 56.7321 0.1127
"GCF_000024325.1_ASM2432v1" 48.1755 54.3123 0.113
"GCF_000023225.1_ASM2322v1" 45.1734 53.7339 0.1593
"GCF_000015485.1_ASM1548v1" 44.6491 54.845 0.1859
"GCF_000021385.1_ASM2138v1" 40.6628 48.3508 0.159
"GCF_000022125.1_ASM2212v1" 42.069 50.8084 0.172
"GCF_000010665.1_ASM1066v1" 45.5159 52.2905 0.1296
"GCF_000176915.2_ASM17691v2" 49.288 54.7021 0.099
"GCF_000023445.1_ASM2344v1" 39.6839 54.276 0.2688
"GCF_000092205.1_ASM9220v1" 45.8546 49.851 0.0802
"GCF_000025945.1_ASM2594v1" 44.0512 57.2217 0.2302
"GCF_000186885.1_ASM18688v1" 48.0904 52.7069 0.0876
"GCF_000018405.1_ASM1840v1" 42.6908 49.0614 0.1298
"GCF_000020365.1_ASM2036v1" 51.1465 53.9569 0.0521
"GCF_000014965.1_ASM1496v1" 51.974 56.4472 0.0792
"GCF_000143965.1_ASM14396v1" 47.9522 49.8997 0.039
"GCF_000013405.1_ASM1340v1" 48.5719 54.5007 0.1088
"GCF_000266945.1_ASM26694v1" 53.9257 57.486 0.0619
"GCF_000195295.1_ASM19529v1" 48.3049 54.2017 0.1088
"GCF_000217795.1_ASM21779v1" 49.4372 55.8788 0.1153
"GCF_000196175.1_ASM19617v1" 36.6216 50.0154 0.2678
"GCF_000067165.1_ASM6716v1" 52.1747 55.6699 0.0628
"GCF_000024805.1_ASM2480v1" 49.2928 52.3471 0.0583
"GCF_000255295.1_ASM25529v1" 49.4513 54.1761 0.0872
"GCF_000012685.1_ASM1268v1" 49.7899 55.2055 0.0981
"GCF_000219105.1_ASM21910v1" 50.681 55.1535 0.0811
"GCF_000165485.1_ASM16548v1" 51.5828 56.4212 0.0858
"GCF_000017505.1_ASM1750v1" 51.3934 55.7773 0.0786
"GCF_000013385.1_ASM1338v1" 51.7713 55.9259 0.0743
"GCF_000221025.1_ASM22102v1" 49.9607 55.4025 0.0982
"GCF_000020825.1_ASM2082v1" 48.3825 53.93 0.1029
"GCA_000214095.3_ASM21409v3" 49.1903 54.5278 0.0979
"GCF_000024765.1_ASM2476v1" 47.637 52.9685 0.1007
"GCF_000012605.1_ASM1260v1" 40.9784 52.5881 0.2208
"GCF_000214825.1_ASM21482v1" 42.9454 50.7388 0.1536
"GCA_000227665.3_ASM22766v3" 43.3704 50.8217 0.1466
"GCF_000024085.1_ASM2408v1" 41.3052 54.2781 0.239
"GCF_000148645.1_ASM14864v1" 35.191 48.4626 0.2739
"GCF_000014885.1_ASM1488v1" 40.5693 55.5024 0.2691
"GCF_000019185.1_ASM1918v1" 38.7331 54.6423 0.2912
"GCF_000018285.1_ASM1828v1" 38.1593 54.6068 0.3012
"GCF_000019525.1_ASM1952v1" 41.0633 56.6266 0.2748
"GCF_000018025.1_ASM1802v1" 42.0607 56.7782 0.2592
"GCF_000091325.1_ASM9132v1" 43.3533 56.4768 0.2324
"GCF_000146165.2_ASM14616v2" 39.2786 52.5887 0.2531
"GCF_000203935.1_ASM20393v1" 36.4386 52.3253 0.3036
"GCF_000018765.1_ASM1876v1" 38.6989 52.4712 0.2625
"GCF_000015185.1_ASM1518v1" 39.7967 53.4831 0.2559
"GCF_000169215.2_ASM16921v2" 40.6819 53.4787 0.2393
"GCF_000015285.1_ASM1528v1" 44.9331 53.727 0.1637
"GCF_000196255.1_ASM19625v1" 39.1204 53.9191 0.2745
"GCF_000196495.1_ASM19649v1" 38.5539 53.9046 0.2848
"GCF_000020845.1_ASM2084v1" 35.3141 52.9713 0.3333
"GCF_000091465.1_ASM9146v1" 35.1009 53.034 0.3381
"GCF_000017705.1_ASM1770v1" 33.2679 52.7613 0.3695
"GCF_000024825.1_ASM2482v1" 34.1871 52.571 0.3497
"GCF_000196095.1_ASM19609v1" 33.8757 51.5561 0.3429
"GCF_000009745.1_ASM974v1" 34.3571 52.2696 0.3427
"GCF_000241385.1_ASM24138v1" 34.052 53.3637 0.3619
"GCF_000217675.1_ASM21767v1" 37.4597 53.5409 0.3004
"GCF_000184325.1_ASM18432v1" 33.9274 48.2309 0.2966
"GCF_000195065.1_ASM19506v1" 33.9082 51.6006 0.3429
"GCF_000022585.1_ASM2258v1" 34.109 51.6437 0.3395
"GCA_000166455.2_ASM16645v2" 34.0725 51.4391 0.3376
"GCF_000209675.1_ASM20967v1" 38.9898 49.626 0.2143
"GCF_000234745.1_ASM23474v1" 37.2622 49.6236 0.2491
"GCF_000006825.1_ASM682v1" 36.7004 48.9827 0.2507
"GCA_000016485.1_ASM1648v1" 35.1395 49.4568 0.2895
"GCF_000165525.1_ASM16552v1" 35.4159 49.6445 0.2866
"GCF_000210895.1_ASM21089v1" 33.9973 48.5885 0.3003
"GCA_000241025.2_ASM24102v2" 37.4955 45.8691 0.1826
"GCF_000022985.1_ASM2298v1" 39.8953 47.9773 0.1685
"GCF_000007745.1_ASM774v1" 36.4322 47.6069 0.2347
"GCF_000017245.1_ASM1724v1" 37.3228 47.1172 0.2079
"GCF_000021885.1_ASM2188v1" 35.1844 51.3336 0.3146
"GCF_000007945.1_ASM794v1" 41.5322 50.3029 0.1744
"GCF_000015885.1_ASM1588v1" 35.3325 45.6264 0.2256
"GCF_000011785.1_ASM1178v1" 48.734 52.6876 0.075
"GCF_000027225.1_ASM2722v1" 37.9972 53.6871 0.2922
"GCF_000252955.1_ASM25295v1" 37.445 53.9173 0.3055
"GCF_000196155.1_ASM19615v1" 42.4796 54.8988 0.2262
"GCF_000069965.1_ASM6996v1" 38.9403 52.7657 0.262
"GCF_000009345.1_ASM934v1" 37.7974 51.4066 0.2647
"GCF_000222975.1_ASM22297v1" 38.3473 52.3779 0.2679
"GCF_000007885.1_ASM788v1" 38.3173 52.4189 0.269
"GCF_000241955.1_ASM24195v1" 37.8191 48.0042 0.2122
"GCF_000187705.1_ASM18770v1" 37.2908 48.0249 0.2235
"GCA_000648575.1_ASM64857v1" 38.4434 47.9287 0.1979
"GCF_000018085.1_ASM1808v1" 37.7979 48.2744 0.217
"GCF_000146305.1_ASM14630v1" 35.1941 48.6587 0.2767
"GCF_000022885.2_ASM2288v2" 37.2763 49.7821 0.2512
"GCA_000023545.1_ASM2354v1" 36.8981 49.9067 0.2607
"GCA_000023565.1_ASM2356v1" 36.1466 49.4254 0.2687
"GCF_000025065.1_ASM2506v1" 34.8718 49.9585 0.302
"GCF_000147055.1_ASM14705v1" 35.6395 47.961 0.2569
"GCF_000024645.1_ASM2464v1" 37.3627 51.4944 0.2744
"GCF_000011605.1_ASM1160v1" 37.8171 51.3873 0.2641
"GCF_000023605.1_ASM2360v1" 36.8237 50.2769 0.2676
"GCF_000175935.2_ASM17593v2" 34.9441 47.6572 0.2668
"GCF_000233595.1_ASM23359v1" 37.4458 49.5539 0.2443
"GCF_000270125.2_ASM27012v2" 37.0361 49.7507 0.2556
"GCF_000148935.1_ASM14893v1" 37.0455 47.6953 0.2233
"GCF_000196615.1_ASM19661v1" 36.9823 47.7601 0.2257
"GCF_000026985.1_ASM2698v1" 38.9972 49.7579 0.2163
"GCF_000017665.1_ASM1766v1" 33.3816 46.7095 0.2853
"GCF_000016325.1_ASM1632v1" 35.1134 48.9973 0.2834
"GCF_000025565.1_ASM2556v1" 34.4625 48.982 0.2964
"GCA_000210775.1_ASM21077v1" 35.6504 47.9354 0.2563
"GCF_000164865.1_ASM16486v1" 33.8667 47.6161 0.2888
"GCF_000215745.1_ASM21574v1" 34.2661 47.7693 0.2827
"GCF_000220485.1_ASM22048v1" 35.2295 48.0377 0.2666
"GCF_000019565.1_ASM1956v1" 34.5366 48.2455 0.2841
"GCF_000027085.1_ASM2708v1" 35.287 48.4682 0.272
"GCF_000026225.1_ASM2622v1" 32.8167 50.1888 0.3461
"GCF_000010765.1_ASM1076v1" 33.577 50.4349 0.3343
"GCF_000019425.1_ASM1942v1" 32.5915 49.3065 0.339
"GCF_000012025.1_ASM1202v1" 33.2373 50.2583 0.3387
"GCF_000025165.1_ASM2516v1" 33.4284 49.9726 0.3311
"GCF_000014845.1_ASM1484v1" 34.05 50.2739 0.3227
"GCF_000252875.1_ASM25287v1" 35.2613 49.6195 0.2894
"GCF_000235545.1_ASM23554v1" 34.8546 49.6828 0.2985
"GCF_000245535.1_ASM24553v1" 35.3735 50.1368 0.2945
"GCF_000239975.1_ASM23997v1" 34.1438 48.6541 0.2982
"GCF_000240325.1_ASM24032v1" 35.4237 47.9507 0.2612
"GCA_000240185.2_ASM24018v2" 35.0154 48.3161 0.2753
"GCF_000233895.1_ASM23389v1" 33.5009 49.6351 0.3251
"GCA_000308975.2_ASM30897v2" 32.99 49.4643 0.3331
"GCF_000252995.1_ASM25299v1" 35.187 50.0853 0.2975
"GCF_000020705.1_ASM2070v1" 35.4247 49.6637 0.2867
"GCF_000018385.1_ASM1838v1" 35.3993 49.8151 0.2894
"GCF_000020925.1_ASM2092v1" 34.9854 49.6325 0.2951
"GCF_000018045.1_ASM1804v1" 33.7302 48.3874 0.3029
"GCF_000243075.1_ASM24307v1" 40.3383 47.0236 0.1422
"GCF_000023065.1_ASM2306v1" 32.8643 49.3097 0.3335
"GCF_000196395.1_ASM19639v1" 39.157 52.7546 0.2578
"GCF_000204115.1_ASM20411v1" 36.2011 51.0213 0.2905
"GCF_000014805.1_ASM1480v1" 36.8415 51.1238 0.2794
"GCF_000008465.1_ASM846v1" 41.0626 52.6965 0.2208
"GCF_000014225.1_ASM1422v1" 43.5919 53.6448 0.1874
"GCF_000226565.1_ASM22656v1" 44.2696 55.2286 0.1984
"GCF_000213655.1_ASM21365v1" 41.6964 54.7538 0.2385
"GCF_000020585.3_ASM2058v3" 39.3976 54.6485 0.2791
"GCF_000012325.1_ASM1232v1" 41.3596 54.2015 0.2369
"GCF_000026085.1_ASM2608v1" 42.6907 49.0486 0.1296
"GCF_000184065.1_ASM18406v1" 38.8234 50.6856 0.234
"GCF_000046845.1_ASM4684v1" 39.1267 51.9454 0.2468
"GCF_000226275.1_ASM22627v1" 38.9032 52.5 0.259
"GCF_000191145.1_ASM19114v1" 37.8258 52.1257 0.2743
"GCF_000196795.1_ASM19679v1" 36.8393 52.486 0.2981
"GCA_000015425.1_ASM1542v1" 36.2132 52.4063 0.309
"GCA_000069205.1_ASM6920v1" 36.2929 53.0571 0.316
"GCF_000069245.1_ASM6924v1" 38.7409 52.4879 0.2619
"GCF_000302495.1_RH4.0" 43.4211 50.1382 0.134
"GCF_000012305.1_ASM1230v1" 40.7328 50.7415 0.1972
"GCF_000013905.1_ASM1390v1" 42.1585 51.0013 0.1734
"GCF_000016885.1_ASM1688v1" 41.6534 50.6332 0.1774
"GCF_000198515.1_ASM19851v1" 47.3382 53.1585 0.1095
"GCF_000009365.1_ASM936v1" 42.2694 52.2533 0.1911
"GCF_000017285.1_ASM1728v1" 39.5636 54.1545 0.2694
"GCF_000192865.1_ASM19286v1" 38.3261 56.1595 0.3175
"GCF_000214215.1_ASM21421v1" 39.1559 53.2504 0.2647
"GCF_000012985.1_ASM1298v1" 45.0099 53.109 0.1525
"GCF_000015365.1_ASM1536v1" 39.7642 52.8948 0.2482
"GCF_000166295.1_ASM16629v1" 40.9679 54.3401 0.2461
"GCF_000196875.1_ASM19687v1" 44.668 52.0027 0.141
"GCF_000055785.1_ASM5578v1" 45.0632 51.937 0.1323
"GCF_000327065.1_ASM32706v1" 41.4057 50.9297 0.187
"GCF_000195105.1_ASM19510v1" 40.9896 50.5678 0.1894
"GCF_000016565.1_ASM1656v1" 39.5954 48.7362 0.1876
"GCF_000204295.1_ASM20429v1" 38.9122 49.6878 0.2169
"GCF_000026105.1_ASM2610v1" 40.0215 49.7244 0.1951
"GCF_000019445.1_ASM1944v1" 38.852 50.773 0.2348
"GCF_000219705.1_ASM21970v1" 39.0637 49.6897 0.2138
"GCF_000012245.1_ASM1224v1" 42.2025 50.9572 0.1718
"GCF_000012205.1_ASM1220v1" 40.3716 51.6304 0.2181
"GCF_000213805.1_ASM21380v1" 40.5181 48.7595 0.169
"GCF_000237065.1_ASM23706v1" 40.5575 50.782 0.2013
"GCF_000292795.1_PF-R124.01" 37.6973 48.5597 0.2237
"GCF_000012265.1_ASM1226v1" 40.0751 49.557 0.1913
"GCA_000009225.1_ASM922v1" 39.7198 49.7609 0.2018
"GCF_000012445.1_ASM1244v1" 38.5989 48.7219 0.2078
"GCF_000194805.1_ASM19480v1" 40.014 50.8281 0.2128
"GCF_000226155.1_ASM22615v1" 41.4007 49.9739 0.1716
"GCF_000026645.1_ASM2664v1" 42.0326 50.3494 0.1652
"GCF_000021045.1_ASM2104v1" 42.6109 51.3864 0.1708
"GCF_000023025.1_ASM2302v1" 44.2569 53.7707 0.1769
"GCF_000013665.1_ASM1366v1" 42.3356 50.6529 0.1642
"GCF_000019225.1_ASM1922v1" 44.6995 50.4707 0.1143
"GCF_000091785.1_ASM9178v1" 46.2359 56.7736 0.1856
"GCF_000048645.1_ASM4864v1" 47.7444 57.0255 0.1628
"GCF_000239175.1_ASM23917v1" 50.4189 56.9661 0.1149
"GCF_000007765.1_ASM776v1" 50.6022 53.4169 0.0527
"GCF_000219045.1_ASM21904v1" 43.7029 57.5436 0.2405
"GCF_000019285.1_ASM1928v1" 47.0631 57.2185 0.1775
"GCF_000195555.1_ASM19555v1" 48.1354 57.0052 0.1556
"GCF_000248435.1_ASM24843v1" 51.8621 57.1719 0.0929
"GCF_000017785.1_ASM1778v1" 49.2455 57.2077 0.1392
"GCF_000024725.1_ASM2472v1" 51.4175 55.6672 0.0763
"GCF_000012805.1_ASM1280v1" 51.6993 55.9167 0.0754
"GCF_000143085.1_ASM14308v1" 50.5238 55.8978 0.0961
"GCF_000015585.1_ASM1558v1" 49.9539 54.8152 0.0887
"GCF_000014785.1_ASM1478v1" 47.1116 53.417 0.118
"GCF_000008325.1_ASM832v1" 44.3025 53.1805 0.1669
"GCA_000242255.3_ASM24225v3" 38.8011 48.5343 0.2005
"GCA_000230695.3_ASM23069v3" 43.3124 49.9451 0.1328
"GCA_000233915.4_ASM23391v4" 42.9273 48.1196 0.1079
"GCF_000225915.1_ASM22591v1" 40.031 47.6785 0.1604
"GCF_000221965.1_ASM22196v1" 40.4547 47.6093 0.1503
"GCF_000007145.1_ASM714v1" 39.9047 48.0385 0.1693
"GCF_000009165.1_ASM916v1" 40.4166 48.6249 0.1688
"GCF_000010025.1_ASM1002v1" 40.2433 49.2315 0.1826
"GCF_000185965.1_ASM18596v1" 42.1371 48.0136 0.1224
"GCF_000072485.1_ASM7248v1" 37.0092 46.938 0.2115
"GCF_000019765.1_ASM1976v1" 46.7812 53.684 0.1286
"GCF_000327045.1_ASM32704v1" 49.6436 54.7601 0.0934
"GCA_000224005.3_ASM22400v3" 45.1836 51.6657 0.1255
"GCA_000227745.3_ASM22774v3" 46.5759 52.4983 0.1128
"GCF_000025485.1_ASM2548v1" 44.5081 50.6898 0.122
"GCF_000021985.1_ASM2198v1" 41.8814 50.9794 0.1785
"GCF_000025545.1_ASM2554v1" 42.1357 52.0602 0.1906
"GCA_000227685.3_ASM22768v3" 46.4941 53.5782 0.1322
"GCF_000015345.1_ASM1534v1" 38.0708 44.4333 0.1432
"GCF_000007705.1_ASM770v1" 39.1139 47.9424 0.1841
"GCF_000283535.1_ASM28353v1" 39.218 50.0456 0.2164
"GCF_000021025.1_ASM2102v1" 36.4231 48.8048 0.2537
"GCF_000196295.1_ASM19629v1" 42.9315 49.5901 0.1343
"GCF_000020105.1_ASM2010v1" 41.432 50.4241 0.1783
"GCF_000026965.1_ASM2696v1" 39.9962 49.9142 0.1987
"GCF_000024165.1_ASM2416v1" 47.0697 53.8738 0.1263
"GCF_000236665.1_ASM23666v1" 38.6427 48.8754 0.2094
"GCF_000012425.1_ASM1242v1" 39.0546 51.644 0.2438
"GCF_000025965.1_ASM2596v1" 44.5551 52.6992 0.1545
"GCF_000021765.1_ASM2176v1" 45.2317 52.5128 0.1387
"GCF_000061505.1_ASM6150v1" 41.5082 50.0454 0.1706
"GCF_000253115.1_ASM25311v1" 44.4574 51.3866 0.1348
"GCF_000015725.1_ASM1572v1" 45.8417 51.6131 0.1118
"GCF_000019785.1_ASM1978v1" 42.1454 49.0181 0.1402
"GCF_000013605.1_ASM1360v1" 43.9888 51.2443 0.1416
"GCF_000013865.1_ASM1386v1" 45.4718 51.7001 0.1205
"GCF_000015505.1_ASM1550v1" 43.3509 49.9503 0.1321
"GCF_000015565.1_ASM1556v1" 44.1337 50.258 0.1219
"GCF_000176855.2_ASM17685v2" 43.5662 50.7206 0.1411
"GCF_000015325.1_ASM1532v1" 44.0722 51.3877 0.1424
"GCF_000022305.1_ASM2230v1" 43.3277 49.8629 0.1311
"GCF_000179015.2_ASM17901v2" 46.312 50.9424 0.0909
"GCF_000018665.1_ASM1866v1" 43.0301 48.8142 0.1185
"GCF_000023345.1_ASM2334v1" 43.6723 50.2445 0.1308
"GCF_000184745.1_ASM18474v1" 42.7897 50.3484 0.1501
"GCF_000215705.1_ASM21570v1" 46.4478 50.5475 0.0811
"GCF_000013625.1_ASM1362v1" 37.2198 48.3528 0.2302
"GCF_000026125.1_ASM2612v1" 42.6263 48.6084 0.1231
"GCF_000143225.1_ASM14322v1" 38.129 47.1867 0.192
"GCF_000221045.1_ASM22104v1" 40.3195 47.3736 0.1489
"GCF_000016345.1_ASM1634v1" 39.088 53.3103 0.2668
"GCF_000019745.1_ASM1974v1" 36.7386 53.0904 0.308
"GCF_000196015.1_ASM19601v1" 38.7038 51.416 0.2472
"GCA_000009285.2_ASM928v2" 39.95 48.8343 0.1819
"GCF_000203875.1_ASM20387v1" 39.4592 50.3297 0.216
"GCF_000020205.1_ASM2020v1" 38.6327 50.0415 0.228
"GCF_000009125.1_ASM912v1" 40.6956 49.7062 0.1813
"GCF_000215325.1_ASM21532v1" 40.1941 49.81 0.1931
"GCF_000198775.1_ASM19877v1" 45.2456 53.3689 0.1522
"GCF_000020045.1_ASM2004v1" 39.2991 50.341 0.2193
"GCF_000092885.1_ASM9288v1" 40.0724 50.0622 0.1995
"GCF_000176935.3_ASM17693v3" 39.298 50.2348 0.2177
"GCF_000148685.1_ASM14868v1" 38.5104 50.1428 0.232
"GCF_000013645.1_ASM1364v1" 39.5999 50.5859 0.2172
"GCF_000236065.1_ASM23606v1" 40.1242 48.7985 0.1778
"GCF_000020125.1_ASM2012v1" 38.622 49.8271 0.2249
"GCF_000022645.2_ASM2264v1" 41.4834 50.4639 0.178
"GCF_000194745.1_ASM19474v1" 41.574 49.5948 0.1617
"GCF_000010545.1_ASM1054v1" 39.5259 48.1489 0.1791
"GCF_000016205.1_ASM1620v1" 39.8377 50.1812 0.2061
"GCF_000203955.1_ASM20395v1" 40.1824 48.2837 0.1678
"GCF_000009485.1_ASM948v1" 39.2684 48.2952 0.1869
"GCF_000012945.1_ASM1294v1" 40.471 48.5973 0.1672
"GCF_000019925.1_ASM1992v1" 39.1161 48.9427 0.2008
"GCF_000012365.1_ASM1236v1" 41.2352 49.0571 0.1594
"GCF_000015465.1_ASM1546v1" 41.2167 48.7263 0.1541
"GCF_000011545.1_ASM1154v1" 41.4211 48.9652 0.1541
"GCF_000209655.1_ASM20965v1" 46.0464 52.3362 0.1202
"GCF_000070465.1_ASM7046v1" 42.2486 50.6351 0.1656
"GCF_000165835.1_ASM16583v1" 41.1054 48.2533 0.1481
"GCF_000195675.1_ASM19567v1" 42.1396 47.6742 0.1161
"GCF_000226625.1_ASM22662v1" 41.3998 57.468 0.2796
"GCF_000185745.1_ASM18574v1" 41.3591 57.8834 0.2855
"GCF_000012745.1_ASM1274v1" 45.4883 52.2414 0.1293
"GCF_000093025.1_ASM9302v1" 38.3922 51.0914 0.2486
"GCF_000023705.1_ASM2370v1" 35.2798 50.1587 0.2966
"GCF_000023745.1_ASM2374v1" 40.2424 49.4622 0.1864
"GCF_000013705.1_ASM1370v1" 46.5824 52.853 0.1186
"GCF_000025705.1_ASM2570v1" 43.8804 50.7796 0.1359
"GCF_000145255.1_ASM14525v1" 46.7536 51.982 0.1006
"GCF_000196355.1_ASM19635v1" 50.2955 55.7813 0.0983
"GCF_000175095.2_ASM17509v2" 46.608 54.0262 0.1373
"GCF_000219585.1_ASM21958v1" 46.3249 54.1614 0.1447
"GCF_000009145.1_ASM914v1" 48.8877 53.0622 0.0787
"GCF_000014765.1_ASM1476v1" 49.5 54.5675 0.0929
"GCF_000014865.1_ASM1486v1" 45.3895 51.2424 0.1142
"GCF_000283515.1_ASM28351v1" 44.5502 50.6876 0.1211
"GCF_000091125.1_ASM9112v1" 40.3403 49.6192 0.187
"GCF_000013005.1_ASM1300v1" 43.8918 52.0754 0.1571
"GCF_000253255.1_ASM25325v1" 43.5451 52.8607 0.1762
"GCF_000013325.1_ASM1332v1" 42.087 52.347 0.196
"GCF_000013985.1_ASM1398v1" 39.6708 48.4904 0.1819
"GCF_000218875.1_ASM21887v1" 42.8495 53.7569 0.2029
"GCF_000007105.1_ASM710v1" 40.4268 52.4396 0.2291
"GCF_000016765.1_ASM1676v1" 40.9341 48.2364 0.1514
"GCF_000024465.1_ASM2446v1" 44.9151 51.6077 0.1297
"GCF_000226315.1_ASM22631v1" 36.1951 46.8074 0.2267
"GCF_000016185.1_ASM1618v1" 46.1691 50.7709 0.0906
"GCF_000010725.1_ASM1072v1" 41.9893 49.1001 0.1448
"GCA_000632475.2_ASM63247v2" 44.8509 51.8673 0.1353
"GCF_000283655.1_ASM28365v1" 41.2887 48.7055 0.1523
"GCF_000009985.1_ASM998v1" 43.0612 49.206 0.1249
"GCF_000225955.1_ASM22595v1" 42.0692 48.0675 0.1248
"GCF_000013085.1_ASM1308v1" 41.9754 48.1659 0.1285
"GCF_000011685.1_ASM1168v1" 40.3332 51.5382 0.2174
"GCF_000021325.1_ASM2132v1" 40.7016 48.231 0.1561
"GCF_000010965.1_ASM1096v1" 39.6554 50.9599 0.2218
"GCF_000202835.1_ASM20283v1" 46.6689 52.1573 0.1052
"GCF_000014285.1_ASM1428v1" 41.3087 50.7232 0.1856
"GCF_000152825.2_ASM15282v2" 51.0419 54.9411 0.071
"GCF_000013025.1_ASM1302v1" 45.0949 51.5918 0.1259
"GCF_000023785.1_ASM2378v1" 38.747 54.1893 0.285
"GCF_000014745.1_ASM1474v1" 43.215 50.5928 0.1458
"GCF_000017265.1_ASM1726v1" 47.0122 53.4864 0.121
"GCF_000019145.1_ASM1914v1" 41.2513 50.3341 0.1805
"GCF_000092285.1_ASM9228v1" 39.3179 50.853 0.2268
"GCF_000006905.1_ASM690v1" 40.1279 50.2544 0.2015
"GCF_000175215.2_ASM17521v2" 40.624 51.2935 0.208
"GCF_000144605.1_ASM14460v1" 42.622 49.746 0.1432
"GCF_000016405.1_ASM1640v1" 45.9888 52.9553 0.1316
"GCF_000015985.1_ASM1598v1" 45.4988 51.6623 0.1193
"GCF_000203895.1_ASM20389v1" 41.1196 47.4759 0.1339
"GCF_000021865.1_ASM2186v1" 39.7724 47.6486 0.1653
"GCF_000164885.1_ASM16488v1" 38.5262 47.4504 0.1881
"GCF_000223375.1_ASM22337v1" 39.3835 46.5886 0.1547
"GCF_000013565.1_ASM1356v1" 48.493 53.1788 0.0881
"GCF_000011965.2_ASM1196v2" 39.6819 48.2127 0.1769
"GCF_000511355.1_ASM51135v1" 41.4134 49.3322 0.1605
"GCF_000014065.1_ASM1406v1" 41.927 52.6166 0.2032
"GCF_000014045.1_ASM1404v1" 46.3346 51.9649 0.1083
"GCF_000017565.1_ASM1756v1" 43.5775 51.9902 0.1618
"GCF_000166055.1_ASM16605v1" 45.538 52.4392 0.1316
"GCA_000230975.3_ASM23097v3" 45.7698 53.8979 0.1508
"GCF_000143145.1_ASM14314v1" 43.7046 51.487 0.1512
"GCF_000253295.1_ASM25329v1" 44.7635 52.9586 0.1547
"GCF_000230555.1_ASM23055v1" 46.4356 52.9696 0.1234
"GCF_000192745.1_ASM19274v1" 45.7485 52.1357 0.1225
"GCF_000236645.1_ASM23664v1" 36.7397 52.2923 0.2974
"GCF_000014245.1_ASM1424v1" 47.7476 54.869 0.1298
"GCF_000009625.1_ASM962v1" 43.6538 52.1123 0.1623
"GCF_000176035.2_ASM17603v2" 43.7037 51.7086 0.1548
"GCA_000230995.3_ASM23099v3" 43.6649 51.8784 0.1583
"GCF_000185905.1_ASM18590v1" 43.1949 51.4403 0.1603
"GCF_000017405.1_ASM1740v1" 40.6075 51.7579 0.2154
"GCF_000227645.1_ASM22764v1" 41.2688 49.7342 0.1702
"GCF_000192725.1_ASM19272v1" 41.1514 49.666 0.1714
"GCF_000018545.1_ASM1854v1" 44.0929 53.661 0.1783
"GCF_000017145.1_ASM1714v1" 45.6468 54.538 0.163
"GCA_000147775.3_ASM14777v3" 44.7259 54.0138 0.172
"GCF_000016285.1_ASM1628v1" 44.1424 52.1202 0.1531
"GCF_000192635.1_ASM19263v1" 42.575 52.6093 0.1907
"GCF_000092025.1_ASM9202v1" 42.1952 52.173 0.1912
"GCF_000021345.1_ASM2134v1" 43.108 51.7044 0.1663
"GCF_000020265.1_ASM2026v1" 42.9756 52.0848 0.1749
"GCF_000092045.1_ASM9204v1" 43.7498 52.4737 0.1663
"GCF_000023185.1_ASM2318v1" 43.5486 52.5916 0.1719
"GCF_000520875.1_ASM52087v1" 43.0354 52.0053 0.1725
"GCF_000517605.1_ASM51760v1" 43.1693 52.2176 0.1733
"GCF_000009265.1_ASM926v1" 43.472 52.4682 0.1715
"GCF_000016265.1_ASM1626v1" 42.1631 52.1915 0.1921
"GCF_000019365.1_ASM1936v1" 50.6051 55.9212 0.0951
"GCF_000022085.1_ASM2208v1" 49.7274 55.3565 0.1017
"GCF_000019725.1_ASM1972v1" 50.3431 55.235 0.0886
"GCF_000019945.1_ASM1994v1" 49.1131 54.3955 0.0971
"GCF_000021845.1_ASM2184v1" 48.8749 54.8177 0.1084
"GCF_000019845.1_ASM1984v1" 45.9611 52.9655 0.1322
"GCF_000021745.1_ASM2174v1" 43.9214 50.5898 0.1318
"GCF_000092925.1_ASM9292v1" 45.0512 50.6963 0.1114
"GCF_000017645.1_ASM1764v1" 44.925 51.7681 0.1322
"GCF_000010525.1_ASM1052v1" 45.6325 50.4159 0.0949
"GCF_000218585.1_ASM21858v1" 45.3562 52.0783 0.1291
"GCF_000013885.1_ASM1388v1" 46.5198 53.9482 0.1377
"GCF_000012725.1_ASM1272v1" 47.0113 53.4118 0.1198
"GCF_000020445.1_ASM2044v1" 42.9016 50.5452 0.1512
"GCF_000177255.2_ASM17725v2" 43.0514 50.5366 0.1481
"GCF_000013685.1_ASM1368v1" 43.6494 50.2454 0.1313
"GCF_000013365.1_ASM1336v1" 43.5451 49.1687 0.1144
"GCF_000014825.1_ASM1482v1" 43.6322 50.1053 0.1292
"GCF_000013745.1_ASM1374v1" 44.0356 49.8624 0.1169
"GCF_000015165.1_ASM1516v1" 43.8825 51.1338 0.1418
"GCF_000026145.1_ASM2614v1" 44.8186 50.7011 0.116
"GCF_000011365.1_ASM1136v1" 45.7845 52.9777 0.1358
"GCF_000284375.1_ASM28437v1" 45.8648 52.7797 0.131
