"ENCp_HEG" "ENCp_rest" "deltaENCp"
"GCF_000020945.1_ASM2094v1" 56.226 57.8021 0.0273
"GCF_000016905.1_ASM1690v1" 53.3591 57.0271 0.0643
"GCF_000021285.1_ASM2128v1" 51.2172 56.3926 0.0918
"GCF_000017545.1_ASM1754v1" 49.2198 56.2796 0.1254
"GCA_000235405.3_ASM23540v3" 50.7165 56.7065 0.1056
"GCF_000017865.1_ASM1786v1" 55.9259 55.8174 -0.0019
"GCF_000217815.1_ASM21781v1" 51.8742 53.7302 0.0345
"GCF_000018945.1_ASM1894v1" 49.3752 51.3047 0.0376
"GCF_000008545.1_ASM854v1" 48.5177 51.5116 0.0581
"GCF_000255135.1_ASM25513v1" 49.5974 56.4399 0.1212
"GCF_000018605.1_ASM1860v1" 55.7598 57.4627 0.0296
"GCF_000023325.1_ASM2332v1" 53.2369 57.1688 0.0688
"GCA_000147715.3_ASM14771v3" 54.478 55.3112 0.0151
"GCF_000212395.1_ASM21239v1" 54.4728 54.9817 0.0093
"GCF_000020965.1_ASM2096v1" 54.0758 54.1016 5e-04
"GCF_000021645.1_ASM2164v1" 54.4383 53.3576 -0.0203
"GCF_000266925.1_ASM26692v1" 54.7445 56.3616 0.0287
"GCF_000233775.1_ASM23377v1" 54.7873 55.6896 0.0162
"GCF_000024905.1_ASM2490v1" 52.5691 52.395 -0.0033
"GCA_000210715.1_ASM21071v1" 53.6063 56.9246 0.0583
"GCF_000025885.1_ASM2588v1" 54.5502 57.2882 0.0478
"GCF_000160495.1_ASM16049v1" 47.0783 50.9582 0.0761
"GCF_000025305.1_ASM2530v1" 40.2885 42.8931 0.0607
"GCF_000230275.1_ASM23027v1" 45.4688 53.7106 0.1534
"GCF_000024945.1_ASM2494v1" 39.0775 51.3572 0.2391
"GCF_000092945.1_ASM9294v1" 52.9984 54.3625 0.0251
"GCF_000018425.1_ASM1842v1" 53.2681 54.8699 0.0292
"GCF_000024605.1_ASM2460v1" 55.2767 56.9273 0.029
"GCF_000016165.1_ASM1616v1" 48.1605 55.8903 0.1383
"GCF_000215085.1_ASM21508v1" 47.4643 51.1643 0.0723
"GCA_000010565.1_ASM1056v1" 50.834 53.1446 0.0435
"GCA_000233715.3_ASM23371v3" 51.2284 54.306 0.0567
"GCF_000024205.1_ASM2420v1" 52.4081 56.3976 0.0707
"GCF_000012865.1_ASM1286v1" 47.6507 50.9588 0.0649
"GCF_000092405.1_ASM9240v1" 57.4481 58.1257 0.0117
"GCF_000014725.1_ASM1472v1" 52.273 53.9709 0.0315
"GCF_000013105.1_ASM1310v1" 51.0997 52.8731 0.0335
"GCF_000512895.1_ASM51289v1" 52.4098 55.6573 0.0583
"GCF_000190635.1_ASM19063v1" 53.3072 55.3023 0.0361
"GCA_000255115.3_ASM25511v3" 53.7562 57.7152 0.0686
"GCF_000235605.1_ASM23560v1" 52.6055 57.2476 0.0811
"GCA_000231385.3_ASM23138v3" 53.4044 58.3194 0.0843
"GCA_000243135.3_ASM24313v3" 52.9193 57.7341 0.0834
"GCA_000243155.3_ASM24315v3" 52.7744 56.1475 0.0601
"GCF_000010045.1_ASM1004v1" 50.6283 54.7024 0.0745
"GCA_000231405.3_ASM23140v3" 51.671 57.3575 0.0991
"GCF_000019165.1_ASM1916v1" 50.3886 55.2157 0.0874
"GCF_000213255.1_ASM21325v1" 50.1963 54.288 0.0754
"GCF_000007085.1_ASM708v1" 52.8038 54.8856 0.0379
"GCA_000147695.3_ASM14769v3" 55.4231 56.6805 0.0222
"GCF_000019085.1_ASM1908v1" 55.6731 56.6949 0.018
"GCF_000092965.1_ASM9296v1" 56.1806 56.8126 0.0111
"GCA_000189775.3_ASM18977v3" 53.528 55.8244 0.0411
"GCF_000328545.1_ASM32854v1" 55.0144 56.372 0.0241
"GCF_000145615.1_ASM14561v1" 54.9118 56.4047 0.0265
"GCA_000013845.1_ASM1384v1" 44.5647 54.3871 0.1806
"GCF_000013285.1_ASM1328v1" 45.2471 54.133 0.1641
"GCF_000016965.1_ASM1696v1" 49.5996 57.1837 0.1326
"GCF_000020285.1_ASM2028v1" 49.8862 56.6072 0.1187
"GCF_000016505.1_ASM1650v1" 55.0125 56.7646 0.0309
"GCF_000143685.1_ASM14368v1" 52.7341 56.7754 0.0712
"GCF_000007625.1_ASM762v1" 52.4136 56.6479 0.0747
"GCF_000019545.1_ASM1954v1" 51.8962 56.8004 0.0863
"GCF_000204565.1_ASM20456v1" 50.2903 57.3642 0.1233
"GCF_000014125.1_ASM1412v1" 49.8518 56.3076 0.1147
"GCF_000145275.1_ASM14527v1" 47.35 57.4563 0.1759
"GCF_000191905.1_ASM19190v1" 51.7368 56.336 0.0816
"GCF_000024105.1_ASM2410v1" 47.0671 54.6934 0.1394
"GCF_000010185.1_ASM1018v1" 48.5858 54.4485 0.1077
"GCF_000163895.2_ASM16389v2" 47.3427 53.8322 0.1206
"GCF_000196455.1_ASM19645v1" 48.7209 54.7264 0.1097
"GCF_000085225.1_ASM8522v1" 48.7056 56.9896 0.1454
"GCF_000016985.1_ASM1698v1" 53.7044 58.117 0.0759
"GCF_000018325.1_ASM1832v1" 51.2415 57.8131 0.1137
"GCF_000024405.1_ASM2440v1" 52.3956 51.8509 -0.0105
"GCF_000023905.1_ASM2390v1" 50.8289 56.4678 0.0999
"GCF_000024565.1_ASM2456v1" 51.3475 56.9944 0.0991
"GCF_000165505.1_ASM16550v1" 47.631 54.9594 0.1333
"GCF_000007325.1_ASM732v1" 50.2926 56.1078 0.1036
"GCF_000158275.2_ASM15827v2" 50.8938 56.2557 0.0953
"GCF_000027145.1_ASM2714v1" 46.0538 54.52 0.1553
"GCF_000060285.1_ASM6028v1" 45.834 54.5269 0.1594
"GCF_000196035.1_ASM19603v1" 45.4143 53.9267 0.1579
"GCF_000252975.1_ASM25297v1" 46.1031 55.0278 0.1622
"GCF_000168635.2_ASM16863v2" 45.5048 54.0497 0.1581
"GCF_000008285.1_ASM828v1" 45.5113 53.9094 0.1558
"GCF_000091405.1_ASM9140v1" 40.1749 55.1955 0.2721
"GCF_000014425.1_ASM1442v1" 40.4334 54.2545 0.2547
"GCF_000191165.1_ASM19116v1" 34.2527 51.0637 0.3292
"GCF_000182835.1_ASM18283v1" 34.7562 51.0404 0.319
"GCF_000091765.1_ASM9176v1" 37.5806 53.085 0.2921
"GCF_000214785.1_ASM21478v1" 39.2764 53.8038 0.27
"GCF_000189515.1_ASM18951v1" 37.9835 53.3077 0.2875
"GCF_000011985.1_ASM1198v1" 38.7001 53.0954 0.2711
"GCF_000182855.2_ASM18285v1" 37.224 51.657 0.2794
"GCF_000026065.1_ASM2606v1" 41.431 49.782 0.1678
"GCF_000011045.1_ASM1104v1" 44.3431 51.9123 0.1458
"GCF_000233755.1_ASM23375v1" 44.5107 51.7185 0.1394
"GCF_000155515.2_ASM15551v2" 28.888 52.2732 0.4474
"GCF_000008925.1_ASM892v1" 40.1699 55.233 0.2727
"GCF_000014505.1_ASM1450v1" 41.8562 54.3634 0.2301
"GCA_000237995.2_ASM23799v2" 43.8035 55.8764 0.2161
"GCF_000203855.3_ASM20385v3" 42.3708 51.4522 0.1765
"GCF_000014465.1_ASM1446v1" 41.4409 51.8603 0.2009
"GCF_000225325.1_ASM22532v1" 41.7175 53.3321 0.2178
"GCF_000219805.1_ASM21980v1" 23.0751 52.5319 0.5607
"GCF_000014385.1_ASM1438v1" 30.8777 54.9916 0.4385
"GCF_000234825.3_ASM23482v3" 37.7921 53.1018 0.2883
"GCF_000092505.1_ASM9250v1" 38.2291 52.0153 0.265
"GCF_000026405.1_ASM2640v1" 22.9754 51.8474 0.5569
"GCF_000159455.2_ASM15945v2" 38.1259 54.1167 0.2955
"GCF_000010145.1_ASM1014v1" 40.9516 51.9075 0.2111
"GCF_000006865.1_ASM686v1" 38.3285 54.8619 0.3014
"GCF_000009425.1_ASM942v1" 38.4916 55.4357 0.3057
"GCF_000014545.1_ASM1454v1" 38.3552 55.6496 0.3108
"GCF_000269925.1_ASM26992v1" 37.0908 53.7638 0.3101
"GCF_000253335.1_ASM25333v1" 34.8971 52.6728 0.3375
"GCF_000011845.1_ASM1184v1" 35.571 53.364 0.3334
"GCF_000270165.1_ASM27016v1" 36.7697 51.6279 0.2878
"GCF_000213825.1_ASM21382v1" 40.4058 56.1493 0.2804
"GCF_000009545.1_ASM954v1" 40.7531 55.7333 0.2688
"GCF_000010705.1_ASM1070v1" 38.5655 55.4629 0.3047
"GCF_000219765.1_ASM21976v1" 40.8514 55.9161 0.2694
"GCF_000020765.1_ASM2076v1" 40.6874 55.6529 0.2689
"GCF_000230295.1_ASM23029v1" 38.9811 55.2113 0.294
"GCF_000012165.1_ASM1216v1" 39.623 55.3333 0.2839
"GCF_000196055.1_ASM19605v1" 38.2981 55.8825 0.3147
"GCF_000007465.2_ASM746v2" 44.6381 55.2915 0.1927
"GCF_000164675.2_ASM16467v2" 36.0911 54.09 0.3328
"GCF_000253155.1_ASM25315v1" 36.6537 54.3283 0.3253
"GCF_000027165.1_ASM2716v1" 38.1065 54.4459 0.3001
"GCF_000221985.1_ASM22198v1" 36.4736 54.8143 0.3346
"GCF_000251085.2_ASM25108v2" 36.611 54.5489 0.3288
"GCF_000019025.1_ASM1902v1" 36.8149 54.478 0.3242
"GCF_000007045.1_ASM704v1" 36.679 54.2183 0.3235
"GCF_000017005.1_ASM1700v1" 38.1839 56.1946 0.3205
"GCF_000014205.1_ASM1420v1" 39.5749 55.3624 0.2852
"GCF_000018185.1_ASM1818v1" 36.0464 54.8184 0.3424
"GCF_000231865.1_ASM23186v1" 35.8008 54.6444 0.3448
"GCF_000231885.1_ASM23188v1" 35.4589 55.1762 0.3574
"GCF_000283615.1_ASM28361v1" 46.9902 54.9606 0.145
"GCF_000166815.1_ASM16681v1" 44.7988 55.4337 0.1918
"GCF_000270185.1_ASM27018v1" 47.1483 56.1332 0.1601
"GCA_000210115.1_ASM21011v1" 45.0076 52.0931 0.136
"GCF_000007785.1_ASM778v1" 43.2499 52.7999 0.1809
"GCF_000172575.2_ASM17257v2" 42.5085 51.694 0.1777
"GCF_000195575.1_ASM19557v1" 43.9389 55.4172 0.2071
"GCF_000193205.1_ASM19320v1" 44.2495 54.305 0.1852
"GCA_000017965.1_ASM1796v1" 42.1311 54.9912 0.2339
"GCF_000011245.1_ASM1124v1" 45.8505 57.2805 0.1995
"GCF_000023045.1_ASM2304v1" 40.0079 49.7691 0.1961
"GCF_000177235.2_ASM17723v2" 47.6566 58.0696 0.1793
"GCF_000093085.1_ASM9308v1" 46.7584 55.1798 0.1526
"GCF_000009825.1_ASM982v1" 45.4179 53.6402 0.1533
"GCF_000011145.1_ASM1114v1" 44.9479 56.0422 0.198
"GCF_000005825.2_ASM582v2" 43.2098 56.913 0.2408
"GCF_000024685.1_ASM2468v1" 44.56 54.2012 0.1779
"GCA_000146875.2_ASM14687v2" 43.3083 55.5736 0.2207
"GCF_000235585.1_ASM23558v1" 43.0474 55.1363 0.2193
"GCF_000023585.1_ASM2358v1" 42.1465 53.4565 0.2116
"GCA_000227705.3_ASM22770v3" 48.1727 51.1199 0.0577
"GCF_000218915.1_ASM21891v1" 44.488 54.2012 0.1792
"GCF_000250655.1_ASM25065v1" 45.3141 54.6966 0.1715
"GCF_000010165.1_ASM1016v1" 41.3374 55.5593 0.256
"GCF_000092905.1_ASM9290v1" 53.514 54.4083 0.0164
"GCF_000024285.1_ASM2428v1" 51.2177 55.2545 0.0731
"GCF_000219875.1_ASM21987v1" 51.5263 55.6314 0.0738
"GCA_000242895.3_ASM24289v3" 48.1889 58.1932 0.1719
"GCF_000019045.1_ASM1904v1" 41.8097 49.5177 0.1557
"GCF_000166075.1_ASM16607v1" 42.9241 49.8679 0.1392
"GCF_000023385.1_ASM2338v1" 43.6369 51.0389 0.145
"GCF_000009785.1_ASM978v1" 40.4691 49.101 0.1758
"GCF_000236605.1_ASM23660v1" 40.7092 48.9952 0.1691
"GCF_000015745.1_ASM1574v1" 40.5902 50.7628 0.2004
"GCF_000015785.1_ASM1578v1" 44.7898 52.4363 0.1458
"GCF_000221645.1_ASM22164v1" 44.7241 52.8518 0.1538
"GCF_000283695.1_ASM28369v1" 45.8696 52.5633 0.1273
"GCF_000165925.1_ASM16592v1" 45.1753 54.979 0.1783
"GCF_000186745.1_ASM18674v1" 43.9606 54.7609 0.1972
"GCF_000227485.1_ASM22748v1" 44.1172 54.6207 0.1923
"GCF_000227465.1_ASM22746v1" 44.1865 54.66 0.1916
"GCF_000017885.4_ASM1788v4" 45.4484 56.3024 0.1928
"GCF_000008425.1_ASM842v1" 45.4884 53.6914 0.1528
"GCF_000017425.1_ASM1742v1" 40.1947 53.9662 0.2552
"GCF_000021305.1_ASM2130v1" 40.9264 54.7045 0.2519
"GCF_000193355.1_ASM19335v1" 40.8779 55.0335 0.2572
"GCF_000092165.1_ASM9216v1" 40.5754 54.5646 0.2564
"GCF_000190515.1_ASM19051v1" 40.6397 54.5303 0.2547
"GCF_000008005.1_ASM800v1" 40.7049 54.4705 0.2527
"GCF_000008165.1_ASM816v1" 40.1907 53.9357 0.2548
"GCF_000021785.1_ASM2178v1" 40.6743 54.4204 0.2526
"GCF_000283675.1_ASM28367v1" 40.6124 54.4076 0.2536
"GCF_000018825.1_ASM1882v1" 41.8343 54.7971 0.2366
"GCF_000225265.1_ASM22526v1" 42.741 54.7282 0.219
"GCF_000025825.1_ASM2582v1" 43.4477 54.8233 0.2075
"GCF_000217835.1_ASM21783v1" 46.1796 50.6576 0.0884
"GCF_000010585.1_ASM1058v1" 41.9506 54.2131 0.2262
"GCF_000185885.1_ASM18588v1" 40.5735 50.0147 0.1888
"GCF_000009405.1_ASM940v1" 42.1327 51.9073 0.1883
"GCF_000010125.1_ASM1012v1" 43.3601 53.9732 0.1966
"GCF_000009865.1_ASM986v1" 42.6636 54.3437 0.2149
"GCF_000025085.1_ASM2508v1" 44.3105 53.4391 0.1708
"GCF_000007645.1_ASM764v1" 44.4882 55.866 0.2037
"GCF_000024585.1_ASM2458v1" 42.0613 53.4511 0.2131
"GCF_000245495.1_ASM24549v1" 41.9166 53.3319 0.214
"GCF_001602155.1_ASM160215v1" 42.8012 53.9857 0.2072
"GCF_000210615.1_ASM21061v1" 40.4186 55.8936 0.2769
"GCA_000210735.1_ASM21073v1" 44.4815 52.2585 0.1488
"GCF_000179635.2_ASM17963v2" 40.4217 52.4249 0.229
"GCF_000210095.1_ASM21009v1" 43.0148 47.821 0.1005
"GCF_000178115.2_ASM17811v2" 47.476 51.4005 0.0764
"GCF_000178835.2_ASM17883v2" 44.8559 57.1309 0.2149
"GCA_000210555.1_ASM21055v1" 43.358 51.3919 0.1563
"GCF_000146185.1_ASM14618v1" 39.7427 50.2899 0.2097
"GCF_000145035.1_ASM14503v1" 39.1913 51.7511 0.2427
"GCF_000270305.1_ASM27030v1" 44.184 46.7898 0.0557
"GCA_000209815.1_ASM20981v1" 41.1397 51.0675 0.1944
"GCF_000225345.1_ASM22534v1" 42.7454 51.0284 0.1623
"GCA_000210655.1_ASM21065v1" 43.9995 50.4217 0.1274
"GCF_000020605.1_ASM2060v1" 40.9701 53.0479 0.2277
"GCF_000144625.1_ASM14462v1" 46.1124 53.1991 0.1332
"GCA_000210535.1_ASM21053v1" 42.9765 51.7906 0.1702
"GCA_000209895.1_ASM20989v1" 40.1806 51.3168 0.217
"GCF_000018685.1_ASM1868v1" 45.3551 57.267 0.208
"GCF_000247605.1_ASM24760v1" 53.3296 52.6777 -0.0124
"GCF_000152245.2_ASM15224v2" 47.4722 52.8862 0.1024
"GCF_000025225.2_ASM2522v1" 48.682 54.4333 0.1057
"GCF_000244875.1_ASM24487v1" 50.4412 56.6107 0.109
"GCF_000022065.1_ASM2206v1" 50.7071 56.9017 0.1089
"GCF_000184925.1_ASM18492v1" 51.8275 54.9245 0.0564
"GCF_000237085.1_ASM23708v1" 52.4134 56.7892 0.0771
"GCF_000016545.1_ASM1654v1" 48.9094 55.0654 0.1118
"GCF_000166355.1_ASM16635v1" 47.63 54.5005 0.1261
"GCF_000166775.1_ASM16677v1" 48.6597 54.6362 0.1094
"GCF_000166695.1_ASM16669v1" 47.7448 54.5832 0.1253
"GCF_000166335.1_ASM16633v1" 49.5374 54.6035 0.0928
"GCF_000145215.1_ASM14521v1" 49.0028 54.5457 0.1016
"GCF_000213235.1_ASM21323v1" 56.0886 57.7777 0.0292
"GCF_000144645.1_ASM14464v1" 53.4901 55.637 0.0386
"GCF_000166415.1_ASM16641v1" 53.1759 56.1533 0.053
"GCF_000165465.1_ASM16546v1" 52.5543 55.6092 0.0549
"GCF_000020485.1_ASM2048v1" 49.9591 51.9832 0.0389
"GCF_000144695.1_ASM14469v1" 49.9375 54.3425 0.0811
"GCF_000020005.1_ASM2000v1" 56.4692 57.8157 0.0233
"GCA_000219855.1_ASM21985v1" 48.6887 50.0736 0.0277
"GCF_000184705.1_ASM18470v1" 53.0506 54.6514 0.0293
"GCF_000009905.1_ASM990v1" 53.4849 55.1698 0.0305
"GCF_000195335.1_ASM19533v1" 54.1327 57.1771 0.0532
"GCF_000183745.1_ASM18374v1" 52.7285 55.7269 0.0538
"GCF_000092125.1_ASM9212v1" 53.3447 56.3296 0.053
"GCF_000024425.1_ASM2442v1" 49.6921 52.5274 0.054
"GCF_000187005.1_ASM18700v1" 52.9237 54.0072 0.0201
"GCF_000309885.1_ASM30988v1" 53.84 54.2018 0.0067
"GCF_000236585.1_ASM23658v1" 53.5065 54.1079 0.0111
"GCF_000258245.1_ASM25824v1" 54.2861 55.0108 0.0132
"GCF_000091545.1_ASM9154v1" 54.3741 54.8898 0.0094
"GCF_000186385.1_ASM18638v1" 47.8967 52.1197 0.081
"GCF_000317835.1_ASM31783v1" 48.8578 53.5147 0.087
"GCF_000252445.1_ASM25244v1" 48.46 53.664 0.097
"GCF_000020685.1_ASM2068v1" 47.3937 52.3979 0.0955
"GCF_000008565.1_ASM856v1" 47.1556 53.1436 0.1127
"GCF_000190555.1_ASM19055v1" 42.7719 49.6792 0.139
"GCF_000196275.1_ASM19627v1" 50.35 54.6589 0.0788
"GCF_000092425.1_ASM9242v1" 49.505 53.5276 0.0752
"GCF_000011385.1_ASM1138v1" 51.7484 54.0502 0.0426
"GCF_000013225.1_ASM1322v1" 51.0236 52.7228 0.0322
"GCF_000013205.1_ASM1320v1" 52.4439 53.2835 0.0158
"GCF_000063525.1_ASM6352v1" 50.4425 51.3005 0.0167
"GCF_000014585.1_ASM1458v1" 53.5082 56.3149 0.0498
"GCF_000063505.1_ASM6350v1" 51.7149 54.2085 0.046
"GCF_000195975.1_ASM19597v1" 50.8054 54.0951 0.0608
"GCF_000012625.1_ASM1262v1" 50.847 54.4532 0.0662
"GCF_000012505.1_ASM1250v1" 53.1246 55.5938 0.0444
"GCF_000018585.1_ASM1858v1" 56.5788 57.8627 0.0222
"GCF_000011465.1_ASM1146v1" 56.6435 56.8958 0.0044
"GCF_000015665.1_ASM1566v1" 56.392 56.9592 0.01
"GCF_000018065.1_ASM1806v1" 56.6708 56.8584 0.0033
"GCF_000015965.1_ASM1596v1" 55.7335 56.8588 0.0198
"GCF_000015645.1_ASM1564v1" 55.8665 56.855 0.0174
"GCF_000012645.1_ASM1264v1" 56.4244 56.7918 0.0065
"GCF_000015685.1_ASM1568v1" 55.8295 57.572 0.0303
"GCF_000015705.1_ASM1570v1" 55.2849 56.9504 0.0292
"GCF_000012525.1_ASM1252v1" 50.1708 54.295 0.076
"GCF_000011345.1_ASM1134v1" 50.6658 52.887 0.042
"GCF_000022045.1_ASM2204v1" 49.9285 53.2598 0.0625
"GCF_000018105.1_ASM1810v1" 53.8056 55.9505 0.0383
"GCF_000014265.1_ASM1426v1" 54.7304 57.1946 0.0431
"GCF_000210375.1_ASM21037v1" 53.0969 55.2706 0.0393
"GCF_000020025.1_ASM2002v1" 52.611 56.143 0.0629
"GCA_000204075.1_ASM20407v1" 52.5435 55.5043 0.0533
"GCF_000196515.1_ASM19651v1" 52.2236 56.4928 0.0756
"GCF_000021805.1_ASM2180v1" 50.3865 52.6258 0.0426
"GCF_000017845.1_ASM1784v1" 50.2994 52.8633 0.0485
"GCF_000010625.1_ASM1062v1" 49.3026 54.3605 0.093
"GCF_000021825.1_ASM2182v1" 51.6208 53.0853 0.0276
"GCF_000147335.1_ASM14733v1" 51.8021 54.5936 0.0511
"GCF_000019485.1_ASM1948v1" 51.7164 52.8267 0.021
"GCF_000009725.1_ASM972v1" 48.6257 52.0744 0.0662
"GCF_000143165.1_ASM14316v1" 50.6146 52.4177 0.0344
"GCF_000025585.1_ASM2558v1" 50.6647 52.3364 0.0319
"GCF_000011905.1_ASM1190v1" 49.8839 51.0391 0.0226
"GCF_000025025.1_ASM2502v1" 50.234 52.1879 0.0374
"GCF_000021685.1_ASM2168v1" 53.1748 54.8228 0.0301
"GCF_000024985.1_ASM2498v1" 55.7245 56.3164 0.0105
"GCF_000025005.1_ASM2500v1" 54.747 56.9534 0.0387
"GCA_000018565.1_ASM1856v1" 39.9164 46.4051 0.1398
"GCF_000021945.1_ASM2194v1" 50.5975 53.3616 0.0518
"GCF_000022185.1_ASM2218v1" 50.2044 53.3606 0.0591
"GCF_000016665.1_ASM1666v1" 49.6457 52.1182 0.0474
"GCF_000017805.1_ASM1780v1" 48.9784 52.0227 0.0585
"GCF_000199675.1_ASM19967v1" 48.7277 51.921 0.0615
"GCF_000023845.1_ASM2384v1" 49.7202 53.886 0.0773
"GCF_000270285.1_ASM27028v1" 48.9887 53.9098 0.0913
"GCF_000210055.1_ASM21005v1" 49.2949 53.6494 0.0812
"GCF_000024265.1_ASM2426v1" 48.3949 52.4468 0.0773
"GCF_000023885.1_ASM2388v1" 46.6837 52.9556 0.1184
"GCF_000024225.1_ASM2422v1" 42.4545 53.0789 0.2002
"GCF_000143845.1_ASM14384v1" 51.9901 56.5592 0.0808
"GCF_000195315.1_ASM19531v1" 52.2957 54.611 0.0424
"GCF_000177615.2_ASM17761v2" 53.7613 55.2877 0.0276
"GCF_000058485.1_ASM5848v1" 53.0908 55.8369 0.0492
"GCF_000013345.1_ASM1334v1" 53.3386 56.0317 0.0481
"GCF_000018005.1_ASM1800v1" 53.2863 56.2233 0.0522
"GCF_000166135.1_ASM16613v1" 52.163 55.3838 0.0582
"GCF_000015025.1_ASM1502v1" 55.1613 55.404 0.0044
"GCF_000023405.1_ASM2340v1" 51.8633 54.7823 0.0533
"GCF_000025205.1_ASM2520v1" 40.7811 50.1541 0.1869
"GCF_000213955.1_ASM21395v1" 40.4513 51.3113 0.2116
"GCF_000024445.1_ASM2444v1" 42.7889 50.2787 0.149
"GCF_000010425.1_ASM1042v1" 42.076 49.5409 0.1507
"GCF_000165905.1_ASM16590v1" 45.842 52.0434 0.1192
"GCF_000213865.1_ASM21386v1" 44.6877 51.6487 0.1348
"GCF_000092325.1_ASM9232v1" 43.719 51.5798 0.1524
"GCF_000210755.1_ASM21075v1" 43.6348 51.2387 0.1484
"GCF_000022705.1_ASM2270v1" 44.8504 51.8599 0.1352
"GCF_000224965.2_ASM22496v2" 44.8504 51.8436 0.1349
"GCF_000196535.1_ASM19653v1" 46.6784 53.8375 0.133
"GCF_000092365.1_ASM9236v1" 41.1282 53.0724 0.2251
"GCF_000023105.1_ASM2310v1" 49.9479 55.2424 0.0958
"GCF_000218545.1_ASM21854v1" 47.782 53.5707 0.1081
"GCF_000092865.1_ASM9286v1" 48.6293 54.2639 0.1038
"GCF_000024925.1_ASM2492v1" 47.6996 54.174 0.1195
"GCF_000024065.1_ASM2406v1" 45.7204 55.1286 0.1707
"GCF_000215105.1_ASM21510v1" 48.3081 54.9788 0.1213
"GCF_000024965.1_ASM2496v1" 47.8182 55.5433 0.1391
"GCF_000202635.1_ASM20263v1" 46.9761 54.1983 0.1333
"GCF_000007665.1_ASM766v1" 49.971 56.1967 0.1108
"GCF_000063485.1_ASM6348v1" 50.0695 55.4084 0.0964
"GCF_000197735.1_ASM19773v1" 38.1208 51.8291 0.2645
"GCF_000196235.1_ASM19623v1" 44.3121 54.7937 0.1913
"GCF_000189535.1_ASM18953v1" 45.5786 54.7399 0.1674
"GCF_000022025.1_ASM2202v1" 44.9043 54.0178 0.1687
"GCF_000014925.1_ASM1492v1" 44.4516 56.3477 0.2111
"GCF_000018885.1_ASM1888v1" 45.8601 55.9764 0.1807
"GCF_000010285.1_ASM1028v1" 47.3628 54.0684 0.124
"GCF_000164695.2_ASM16469v2" 42.499 55.0045 0.2274
"GCF_000011025.1_ASM1102v1" 39.1798 48.1627 0.1865
"GCF_000023205.1_ASM2320v1" 48.8554 55.1906 0.1148
"GCF_000017305.1_ASM1730v1" 50.5018 55.9023 0.0966
"GCF_000023925.1_ASM2392v1" 48.3513 54.4311 0.1117
"GCF_000184685.1_ASM18468v1" 50.3148 55.9306 0.1004
"GCF_000015265.1_ASM1526v1" 50.8044 55.83 0.09
"GCF_000270245.1_ASM27024v1" 50.336 54.0536 0.0688
"GCF_000008345.1_ASM834v1" 51.0423 57.4315 0.1112
"GCF_000240055.1_ASM24005v1" 51.0307 57.356 0.1103
"GCF_000024345.1_ASM2434v1" 49.1955 53.9134 0.0875
"GCF_000024025.1_ASM2402v1" 51.0204 54.4109 0.0623
"GCF_000269985.1_ASM26998v1" 48.053 54.1196 0.1121
"GCF_000237305.1_ASM23730v1" 48.2812 54.6225 0.1161
"GCF_000203835.1_ASM20383v1" 48.4543 55.4483 0.1261
"GCF_000092385.1_ASM9238v1" 50.1062 55.5004 0.0972
"GCA_000147815.3_ASM14781v3" 50.3604 55.2666 0.0888
"GCF_000010605.1_ASM1060v1" 48.9289 55.8884 0.1245
"GCF_000213055.1_ASM21305v1" 49.9901 57.0853 0.1243
"GCF_000091305.1_ASM9130v1" 48.5775 55.5156 0.125
"GCF_000009765.2_ASM976v2" 49.0526 55.7335 0.1199
"GCF_000092825.1_ASM9282v1" 53.0674 56.4844 0.0605
"GCF_000023145.1_ASM2314v1" 47.9239 57.1811 0.1619
"GCF_000069945.1_ASM6994v1" 40.716 53.8897 0.2445
"GCF_000006605.1_ASM660v1" 40.6051 52.9952 0.2338
"GCF_000177535.2_ASM17753v2" 37.9141 55.0314 0.311
"GCF_000179395.2_ASM17939v2" 44.2941 52.6471 0.1587
"GCF_000022905.1_ASM2290v1" 42.3982 54.2018 0.2178
"GCF_000215645.1_ASM21564v1" 42.6951 57.3345 0.2553
"GCF_000255935.1_ASM25593v1" 43.4856 57.7704 0.2473
"GCF_000152065.1_ASM15206v1" 43.4225 57.7001 0.2474
"GCF_000195815.1_ASM19581v1" 39.9771 55.4791 0.2794
"GCF_000255235.1_ASM25523v1" 39.8603 55.4708 0.2814
"GCF_000011305.1_ASM1130v1" 42.6388 51.7544 0.1761
"GCF_000011325.1_ASM1132v1" 40.4658 53.5724 0.2447
"GCF_000214175.1_ASM21417v1" 50.5586 56.9729 0.1126
"GCF_000009805.1_ASM980v1" 47.4676 53.5554 0.1137
"GCF_000284035.1_ASM28403v1" 46.7655 52.1151 0.1026
"GCF_000196695.1_ASM19669v1" 47.0472 54.16 0.1313
"GCF_000010105.1_ASM1010v1" 46.5717 54.5753 0.1467
"GCF_000010805.1_ASM1080v1" 48.163 55.1261 0.1263
"GCF_000014565.1_ASM1456v1" 47.7926 55.3903 0.1372
"GCF_000092225.1_ASM9222v1" 48.0229 54.5443 0.1196
"GCF_000024785.1_ASM2478v1" 47.6517 53.7177 0.1129
"GCF_000247715.1_ASM24771v1" 47.0378 53.4783 0.1204
"GCA_000230895.3_ASM23089v3" 51.5789 55.2015 0.0656
"GCF_000266905.1_ASM26690v1" 51.9643 54.8554 0.0527
"GCF_000016365.1_ASM1636v1" 49.7768 54.585 0.0881
"GCF_000015305.1_ASM1530v1" 50.2245 54.6018 0.0802
"GCF_000015405.1_ASM1540v1" 48.8376 54.2543 0.0998
"GCF_000015005.1_ASM1500v1" 48.2837 53.8103 0.1027
"GCF_000214155.1_ASM21415v1" 49.9582 52.7373 0.0527
"GCF_000277145.1_ASM27714v1" 52.1517 54.2937 0.0395
"GCF_000014985.1_ASM1498v1" 51.9336 53.2824 0.0253
"GCF_000026685.1_ASM2668v1" 53.8162 56.7822 0.0522
"GCF_000154605.2_ASM15460v2" 53.5799 54.9704 0.0253
"GCF_000153685.2_ASM15368v2" 53.564 54.9268 0.0248
"GCF_000023625.1_ASM2362v1" 53.5788 54.958 0.0251
"GCA_000277085.1_ASM27708v1" 53.6391 55.1428 0.0273
"GCF_000224435.1_ASM22443v1" 53.5861 54.9456 0.0247
"GCA_000013925.1_ASM1392v1" 51.9578 54.5955 0.0483
"GCF_000069185.1_ASM6918v1" 48.6731 55.2034 0.1183
"GCF_000196675.1_ASM19667v1" 51.0795 55.811 0.0848
"GCF_000062885.1_ASM6288v1" 50.1328 54.8356 0.0858
"GCF_000023245.1_ASM2324v1" 50.7368 55.6401 0.0881
"GCF_000220945.1_ASM22094v1" 49.6061 54.0521 0.0823
"GCF_000023865.1_ASM2386v1" 50.6792 54.4017 0.0684
"GCF_000196835.1_ASM19683v1" 49.6006 53.9863 0.0812
"GCF_000024365.1_ASM2436v1" 50.0207 52.1267 0.0404
"GCF_000025345.1_ASM2534v1" 51.555 55.2352 0.0666
"GCF_000024545.1_ASM2454v1" 48.9461 52.7261 0.0717
"GCF_000237145.1_ASM23714v1" 49.3073 53.252 0.0741
"GCF_000016425.1_ASM1642v1" 51.3877 55.3843 0.0722
"GCF_000018265.1_ASM1826v1" 50.8804 55.1067 0.0767
"GCF_000204155.1_ASM20415v1" 49.5611 53.3857 0.0716
"GCF_000177655.2_ASM17765v2" 49.2117 54.2965 0.0936
"GCF_000092645.1_ASM9264v1" 53.5461 56.3973 0.0506
"GCF_000024865.1_ASM2486v1" 50.3159 56.0791 0.1028
"GCF_000092985.1_ASM9298v1" 49.8733 54.7917 0.0898
"GCF_000012405.1_ASM1240v1" 52.0797 55.2707 0.0577
"GCF_000023265.1_ASM2326v1" 53.3274 53.563 0.0044
"GCF_000025265.1_ASM2526v1" 50.5483 51.8702 0.0255
"GCF_000014185.1_ASM1418v1" 55.8978 57.3788 0.0258
"GCF_000025185.1_ASM2518v1" 45.583 52.5207 0.1321
"GCF_000196115.1_ASM19611v1" 45.8123 52.0537 0.1199
"GCF_000092105.1_ASM9210v1" 52.447 54.7564 0.0422
"GCA_000165715.3_ASM16571v3" 47.6703 52.9149 0.0991
"GCF_000186345.1_ASM18634v1" 53.0017 54.8325 0.0334
"GCA_000242455.3_ASM24245v3" 54.9711 56.5971 0.0287
"GCF_000237205.1_ASM23720v1" 54.9347 56.6735 0.0307
"GCF_000011565.1_ASM1156v1" 51.411 56.0791 0.0832
"GCF_000092785.1_ASM9278v1" 53.3399 55.924 0.0462
"GCF_000253035.1_ASM25303v1" 51.4333 56.2967 0.0864
"GCF_000006685.1_ASM668v1" 51.4727 57.0322 0.0975
"GCF_000226605.1_ASM22660v1" 51.9663 57.0495 0.0891
"GCF_000011165.1_ASM1116v1" 54.2606 58.1339 0.0666
"GCF_000204135.1_ASM20413v1" 54.4649 56.8329 0.0417
"GCF_000026025.1_ASM2602v1" 54.3834 57.7049 0.0576
"GCF_000191925.1_ASM19192v1" 54.0428 57.6814 0.0631
"GCF_000007605.1_ASM760v1" 53.6909 57.1648 0.0608
"GCF_000009945.1_ASM994v1" 53.69 57.818 0.0714
"GCF_000025905.1_ASM2590v1" 43.7901 54.4159 0.1953
"GCF_000019965.1_ASM1996v1" 51.3143 53.6323 0.0432
"GCA_000242935.3_ASM24293v3" 52.6844 54.5382 0.034
"GCF_000019665.1_ASM1966v1" 55.7437 55.7532 2e-04
"GCF_000020225.1_ASM2022v1" 46.8552 49.8808 0.0607
"GCF_000143725.1_ASM14372v1" 50.3301 52.679 0.0446
"GCF_000092845.1_ASM9284v1" 51.0035 52.5976 0.0303
"GCF_000022105.1_ASM2210v1" 49.804 51.9109 0.0406
"GCF_000223215.1_ASM22321v1" 50.3489 52.6218 0.0432
"GCF_000019685.1_ASM1968v1" 55.4848 57.944 0.0424
"GCF_000012085.1_ASM1208v1" 55.4784 57.5782 0.0365
"GCF_000165595.2_ASM16559v2" 54.0897 56.593 0.0442
"GCF_000222305.1_ASM22230v1" 54.1135 56.4542 0.0415
"GCF_000196215.1_ASM19621v1" 54.7126 56.0397 0.0237
"GCA_000166655.2_ASM16665v1" 54.1337 56.5745 0.0431
"GCF_000147075.1_ASM14707v1" 51.7475 52.6466 0.0171
"GCA_000184345.2_ASM18434v2" 51.6996 52.9779 0.0241
"GCA_000242595.3_ASM24259v3" 49.2945 50.5158 0.0242
"GCF_000214355.1_ASM21435v1" 53.205 54.2495 0.0193
"GCF_000214375.1_ASM21437v1" 49.8067 51.2845 0.0288
"GCF_000212415.1_ASM21241v1" 47.5967 49.2898 0.0343
"GCF_000195275.1_ASM19527v1" 42.5391 49.91 0.1477
"GCF_000008185.1_ASM818v1" 51.4385 56.0139 0.0817
"GCF_000024485.1_ASM2448v1" 56.86 56.3815 -0.0085
"GCF_000246775.1_ASM24677v1" 56.8895 56.3689 -0.0092
"GCF_000208385.1_ASM20838v1" 51.8937 55.5047 0.0651
"GCF_000190435.1_ASM19043v1" 51.552 56.9082 0.0941
"GCF_000236685.1_ASM23668v1" 51.9084 56.704 0.0846
"GCF_000143985.1_ASM14398v1" 53.0603 56.4802 0.0606
"GCF_000266885.1_ASM26688v1" 47.5369 52.312 0.0913
"GCF_000017685.1_ASM1768v1" 52.4261 56.09 0.0653
"GCF_000007685.1_ASM768v1" 52.7928 56.7678 0.07
"GCF_000231175.1_ASM23117v1" 52.6729 56.8384 0.0733
"GCF_000013945.1_ASM1394v1" 51.5766 55.3106 0.0675
"GCF_000024665.1_ASM2466v1" 41.8201 50.7253 0.1756
"GCF_000010305.1_ASM1030v1" 45.7978 51.5796 0.1121
"GCF_000020525.1_ASM2052v1" 51.1686 50.4224 -0.0148
"GCF_000020625.1_ASM2062v1" 52.3023 55.6912 0.0609
"GCF_000020545.1_ASM2054v1" 54.221 56.1819 0.0349
"GCF_000006985.1_ASM698v1" 51.3033 54.6636 0.0615
"GCF_000020505.1_ASM2050v1" 50.8287 54.4369 0.0663
"GCF_000020465.1_ASM2046v1" 51.9355 54.9275 0.0545
"GCF_000015125.1_ASM1512v1" 53.2025 55.8526 0.0474
"GCF_000016085.1_ASM1608v1" 52.1897 55.0447 0.0519
"GCF_000012485.1_ASM1248v1" 52.8114 55.4792 0.0481
"GCF_000020645.1_ASM2064v1" 52.7665 56.3993 0.0644
"GCF_000012585.1_ASM1258v1" 49.1417 49.4134 0.0055
"GCF_000218895.1_ASM21889v1" 47.8225 53.2855 0.1025
"GCF_000263195.1_ASM26319v1" 43.2683 56.0236 0.2277
"GCA_000024525.1_ASM2452v1" 47.078 53.2659 0.1162
"GCF_000023125.1_ASM2312v1" 46.5227 53.2445 0.1262
"GCF_000166395.1_ASM16639v1" 46.9412 57.5909 0.1849
"GCF_000014145.1_ASM1414v1" 47.5182 52.361 0.0925
"GCF_000020565.1_ASM2056v1" 55.7181 57.3698 0.0288
"GCF_000183425.1_ASM18342v1" 51.8035 57.5724 0.1002
"GCF_000265505.1_ASM26550v1" 47.2991 55.1993 0.1431
"GCF_000222485.1_ASM22248v1" 52.2558 56.7882 0.0798
"GCF_000325705.1_ASM32570v1" 50.5797 56.2803 0.1013
"GCA_000242635.3_ASM24263v3" 48.5549 56.56 0.1415
"GCF_000192845.1_ASM19284v1" 48.4176 57.7424 0.1615
"GCF_000023825.1_ASM2382v1" 46.7074 54.2498 0.139
"GCF_000238215.1_ASM23821v1" 48.2168 54.1169 0.109
"GCF_000190535.1_ASM19053v1" 46.3759 52.5772 0.1179
"GCF_000212375.1_ASM21237v1" 46.817 53.7802 0.1295
"GCF_000007585.1_ASM758v1" 49.6455 56.143 0.1157
"GCF_000183135.1_ASM18313v1" 46.2588 55.2823 0.1632
"GCF_000010645.1_ASM1064v1" 55.2103 57.3709 0.0377
"GCF_000012825.1_ASM1282v1" 44.5038 53.468 0.1677
"GCF_000190575.1_ASM19057v1" 45.3324 53.3019 0.1495
"GCF_000025985.1_ASM2598v1" 44.6745 54.1515 0.175
"GCF_000011065.1_ASM1106v1" 45.8042 53.6119 0.1456
"GCA_000210075.1_ASM21007v1" 47.3065 53.7305 0.1196
"GCF_000186225.1_ASM18622v1" 47.3893 53.7013 0.1175
"GCF_000025925.1_ASM2592v1" 40.5687 49.592 0.182
"GCF_000163055.2_ASM16305v2" 46.0265 55.1092 0.1648
"GCF_000144405.1_ASM14440v1" 41.1805 52.4276 0.2145
"GCF_000261025.1_ASM26102v1" 44.4364 53.5233 0.1698
"GCF_000220215.1_ASM22021v1" 49.9509 54.0361 0.0756
"GCF_000012845.1_ASM1284v1" 44.7862 53.1059 0.1567
"GCF_000512915.1_ASM51291v1" 45.6594 53.187 0.1415
"GCF_000265365.1_ASM26536v1" 47.3992 52.3205 0.0941
"GCF_000194605.1_ASM19460v1" 44.071 54.6506 0.1936
"GCF_000236405.1_ASM23640v1" 54.7192 56.4636 0.0309
"GCF_000233435.1_ASM23343v1" 53.8642 55.4381 0.0284
"GCF_000022605.2_ASM2260v1" 53.1844 55.3396 0.0389
"GCF_000093165.1_ASM9316v1" 53.8949 55.8986 0.0358
"GCF_000265465.1_ASM26546v1" 48.5716 54.6018 0.1104
"GCF_000023725.1_ASM2372v1" 47.4508 54.4093 0.1279
"GCF_000183155.1_ASM18315v1" 47.4876 56.9911 0.1668
"GCF_000191565.1_ASM19156v1" 47.8438 57.2027 0.1636
"GCF_000189415.1_ASM18941v1" 47.688 55.514 0.141
"GCF_000016645.1_ASM1664v1" 46.531 55.295 0.1585
"GCF_000064305.2_ASM6430v2" 48.5599 56.8879 0.1464
"GCF_000220625.1_ASM22062v1" 47.8451 54.9632 0.1295
"GCF_000023285.1_ASM2328v1" 46.1243 52.2421 0.1171
"GCF_000024125.1_ASM2412v1" 50.424 51.9144 0.0287
"GCF_000153165.2_ASM15316v2" 51.7292 57.7963 0.105
"GCF_000190595.1_ASM19059v1" 48.4176 54.0337 0.1039
"GCF_000186265.1_ASM18626v1" 50.1384 57.7088 0.1312
"GCF_000152945.2_ASM15294v2" 48.2549 55.4105 0.1291
"GCA_000211855.3_ASM21185v3" 46.7491 55.0661 0.151
"GCF_000023465.1_ASM2346v1" 51.2753 57.3749 0.1063
"GCF_000060345.1_ASM6034v1" 50.6507 57.6871 0.122
"GCF_000265385.1_ASM26538v1" 49.6213 56.0691 0.115
"GCF_000224085.1_ASM22408v1" 47.9161 54.777 0.1253
"GCF_000240075.2_ASM24007v2" 45.9833 56.8685 0.1914
"GCF_000024005.1_ASM2400v1" 42.9502 51.8941 0.1723
"GCF_000246855.1_ASM24685v1" 44.9861 51.942 0.1339
"GCA_000243115.3_ASM24311v3" 47.8022 52.0094 0.0809
"GCF_000212735.1_ASM21273v1" 47.6709 52.3033 0.0886
"GCF_000250635.1_ASM25063v1" 45.1386 51.7295 0.1274
"GCF_000024845.1_ASM2484v1" 50.8011 51.6321 0.0161
"GCF_000224745.1_ASM22474v1" 50.5371 51.7673 0.0238
"GCF_000013045.1_ASM1304v1" 54.6315 56.3822 0.0311
"GCA_000146025.1_ASM14602v1" 52.8783 54.6452 0.0323
"GCF_000020145.1_ASM2014v1" 47.7138 51.0021 0.0645
"GCF_000020985.1_ASM2098v1" 53.4035 53.4478 8e-04
"GCF_000025725.1_ASM2572v1" 48.8645 53.9892 0.0949
"GCF_000183405.1_ASM18340v1" 53.4751 55.6654 0.0393
"GCF_000218625.1_ASM21862v1" 54.5164 55.3803 0.0156
"GCF_000177635.2_ASM17763v2" 50.1305 51.3424 0.0236
"GCF_000517565.1_ASM51756v1" 54.2484 55.0008 0.0137
"GCF_000194135.1_ASM19413v1" 52.2293 54.7214 0.0455
"GCF_000021725.1_ASM2172v1" 47.9685 54.0325 0.1122
"GCF_000012965.1_ASM1296v1" 48.522 54.996 0.1177
"GCF_000147355.1_ASM14735v1" 47.1878 56.3516 0.1626
"GCF_000183725.1_ASM18372v1" 43.314 53.1958 0.1858
"GCF_000186245.1_ASM18624v1" 49.3012 54.6845 0.0984
"GCF_000010345.1_ASM1034v1" 45.8242 55.3566 0.1722
"GCF_000017465.1_ASM1746v1" 51.2482 53.5295 0.0426
"GCF_000017725.1_ASM1772v1" 48.6284 51.3979 0.0539
"GCF_000017585.1_ASM1758v1" 50.8205 52.3068 0.0284
"GCF_000015085.1_ASM1508v1" 51.8803 55.5765 0.0665
"GCF_000019205.1_ASM1920v1" 50.2002 54.269 0.075
"GCF_000011865.1_ASM1186v1" 50.7912 54.5363 0.0687
"GCF_000017485.1_ASM1748v1" 50.8825 55.0397 0.0755
"GCF_000024885.1_ASM2488v1" 51.3194 53.3978 0.0389
"GCF_000265295.1_ASM26529v1" 51.7633 53.4024 0.0307
"GCF_000092245.1_ASM9224v1" 48.535 56.2076 0.1365
"GCF_000284355.1_ASM28435v1" 49.2122 55.346 0.1108
"GCF_000284235.1_ASM28423v1" 49.5502 55.8685 0.1131
"GCF_000014025.1_ASM1402v1" 49.341 55.2584 0.1071
"GCF_000196135.1_ASM19613v1" 48.2002 52.1831 0.0763
"GCF_000091985.1_ASM9198v1" 51.2264 51.4909 0.0051
"GCF_000200595.1_ASM20059v1" 47.9615 49.4184 0.0295
"GCF_000237285.1_ASM23728v1" 47.3807 49.8149 0.0489
"GCF_000011725.1_ASM1172v1" 48.4253 50.0274 0.032
"GCF_000270045.1_ASM27004v1" 48.4828 49.9904 0.0302
"GCF_000008525.1_ASM852v1" 48.6937 49.8737 0.0237
"GCF_000196755.1_ASM19675v1" 48.7492 50.1797 0.0285
"GCF_000021165.1_ASM2116v1" 48.7734 50.4589 0.0334
"GCF_000009305.1_ASM930v1" 49.6801 50.6482 0.0191
"GCF_000185245.1_ASM18524v1" 48.7775 50.0215 0.0249
"GCF_000148665.1_ASM14866v1" 48.4982 50.2299 0.0345
"GCF_000178935.2_ASM17893v2" 48.7994 50.1488 0.0269
"GCF_000255955.1_ASM25595v1" 48.9367 50.3396 0.0279
"GCF_000224575.1_ASM22457v1" 48.7514 50.1391 0.0277
"GCF_000007905.1_ASM790v1" 51.2302 52.7614 0.029
"GCF_000010325.1_ASM1032v1" 52.06 56.5711 0.0797
"GCF_000185805.1_ASM18580v1" 44.5929 49.7421 0.1035
"GCF_000191045.1_ASM19104v1" 47.2267 53.2762 0.1135
"GCF_000008625.1_ASM862v1" 46.9582 49.543 0.0522
"GCF_000020785.1_ASM2078v1" 50.6085 52.2778 0.0319
"GCF_000348765.2_ASM34876v2" 50.0058 52.1162 0.0405
"GCF_000010785.1_ASM1078v1" 49.8616 50.6667 0.0159
"GCF_000025605.1_ASM2560v1" 48.4905 50.5635 0.041
"GCF_000021545.1_ASM2154v1" 51.5064 52.6199 0.0212
"GCF_000020325.1_ASM2032v1" 52.4671 54.29 0.0336
"GCF_000021565.1_ASM2156v1" 43.8981 47.359 0.0731
"GCF_000196815.1_ASM19681v1" 53.9831 55.009 0.0186
"GCF_000226295.1_ASM22629v1" 55.9302 52.8323 -0.0586
"GCF_000014905.1_ASM1490v1" 49.8511 54.1051 0.0786
"GCF_000014005.1_ASM1400v1" 47.7506 54.1989 0.119
"GCF_000022565.1_ASM2256v1" 48.994 52.5888 0.0684
"GCF_000178975.2_ASM17897v2" 50.3363 57.3941 0.123
"GCF_000265425.1_ASM26542v1" 46.4826 54.0176 0.1395
"GCF_000179915.2_ASM17991v2" 50.0188 55.7273 0.1024
"GCF_000012885.1_ASM1288v1" 50.6783 53.2836 0.0489
"GCF_000020385.1_ASM2038v1" 49.5853 51.5655 0.0384
"GCF_000015045.1_ASM1504v1" 53.8329 54.4348 0.0111
"GCF_000210155.1_ASM21015v1" 55.8362 55.8414 1e-04
"GCF_000012925.1_ASM1292v1" 56.1206 56.4535 0.0059
"GCF_000022265.1_ASM2226v1" 54.0248 55.5977 0.0283
"GCF_000016745.1_ASM1674v1" 55.9607 56.587 0.0111
"GCF_000023645.1_ASM2364v1" 51.2753 57.3674 0.1062
"GCF_000175115.2_ASM17511v2" 50.2643 56.6913 0.1134
"GCF_000024325.1_ASM2432v1" 52.1546 54.2875 0.0393
"GCF_000023225.1_ASM2322v1" 52.0246 53.7037 0.0313
"GCF_000015485.1_ASM1548v1" 48.9075 54.7972 0.1075
"GCF_000021385.1_ASM2138v1" 46.3248 48.3134 0.0412
"GCF_000022125.1_ASM2212v1" 47.4991 50.7922 0.0648
"GCF_000010665.1_ASM1066v1" 49.7699 52.2705 0.0478
"GCF_000176915.2_ASM17691v2" 51.23 54.6839 0.0632
"GCF_000023445.1_ASM2344v1" 45.505 54.227 0.1608
"GCF_000092205.1_ASM9220v1" 49.3966 49.834 0.0088
"GCF_000025945.1_ASM2594v1" 50.7263 57.2312 0.1137
"GCF_000186885.1_ASM18688v1" 54.8152 52.6973 -0.0402
"GCF_000018405.1_ASM1840v1" 49.7244 49.0222 -0.0143
"GCF_000020365.1_ASM2036v1" 53.2071 53.9526 0.0138
"GCF_000014965.1_ASM1496v1" 55.2908 56.4412 0.0204
"GCF_000143965.1_ASM14396v1" 51.4868 49.91 -0.0316
"GCF_000013405.1_ASM1340v1" 55.2986 54.4848 -0.0149
"GCF_000266945.1_ASM26694v1" 56.4901 57.4814 0.0172
"GCF_000195295.1_ASM19529v1" 52.111 54.1728 0.0381
"GCF_000217795.1_ASM21779v1" 52.8333 55.8643 0.0543
"GCF_000196175.1_ASM19617v1" 40.6617 50.0073 0.1869
"GCF_000067165.1_ASM6716v1" 53.7197 55.6398 0.0345
"GCF_000024805.1_ASM2480v1" 51.4708 52.341 0.0166
"GCF_000255295.1_ASM25529v1" 49.6099 54.1478 0.0838
"GCF_000012685.1_ASM1268v1" 50.1284 55.186 0.0916
"GCF_000219105.1_ASM21910v1" 50.7957 55.1347 0.0787
"GCF_000165485.1_ASM16548v1" 52.5535 56.3901 0.068
"GCF_000017505.1_ASM1750v1" 53.0617 55.7604 0.0484
"GCF_000013385.1_ASM1338v1" 53.5945 55.9104 0.0414
"GCF_000221025.1_ASM22102v1" 53.458 55.3965 0.035
"GCF_000020825.1_ASM2082v1" 51.499 53.9035 0.0446
"GCA_000214095.3_ASM21409v3" 51.5739 54.5085 0.0538
"GCF_000024765.1_ASM2476v1" 47.7689 52.9685 0.0982
"GCF_000012605.1_ASM1260v1" 48.1062 52.6112 0.0856
"GCF_000214825.1_ASM21482v1" 47.2444 50.742 0.0689
"GCA_000227665.3_ASM22766v3" 47.6555 50.7839 0.0616
"GCF_000024085.1_ASM2408v1" 44.084 54.2585 0.1875
"GCF_000148645.1_ASM14864v1" 38.1931 48.3989 0.2109
"GCF_000014885.1_ASM1488v1" 43.0629 55.4724 0.2237
"GCF_000019185.1_ASM1918v1" 42.7704 54.6083 0.2168
"GCF_000018285.1_ASM1828v1" 42.0395 54.5633 0.2295
"GCF_000019525.1_ASM1952v1" 42.9504 56.5884 0.241
"GCF_000018025.1_ASM1802v1" 44.5865 56.7566 0.2144
"GCF_000091325.1_ASM9132v1" 45.5468 56.4713 0.1935
"GCF_000146165.2_ASM14616v2" 44.0221 52.5756 0.1627
"GCF_000203935.1_ASM20393v1" 41.0558 52.3136 0.2152
"GCF_000018765.1_ASM1876v1" 41.9 52.4502 0.2011
"GCF_000015185.1_ASM1518v1" 42.2208 53.4728 0.2104
"GCF_000169215.2_ASM16921v2" 42.9252 53.4738 0.1973
"GCF_000015285.1_ASM1528v1" 45.8005 53.7313 0.1476
"GCF_000196255.1_ASM19625v1" 43.0317 53.8911 0.2015
"GCF_000196495.1_ASM19649v1" 43.1347 53.8476 0.1989
"GCF_000020845.1_ASM2084v1" 40.5123 52.9287 0.2346
"GCF_000091465.1_ASM9146v1" 40.6436 52.9636 0.2326
"GCF_000017705.1_ASM1770v1" 38.082 52.6855 0.2772
"GCF_000024825.1_ASM2482v1" 37.9299 52.511 0.2777
"GCF_000196095.1_ASM19609v1" 37.7423 51.506 0.2672
"GCF_000009745.1_ASM974v1" 39.3955 52.267 0.2463
"GCF_000241385.1_ASM24138v1" 38.8589 53.2902 0.2708
"GCF_000217675.1_ASM21767v1" 41.9146 53.5355 0.2171
"GCF_000184325.1_ASM18432v1" 40.5682 48.2354 0.159
"GCF_000195065.1_ASM19506v1" 40.6001 51.5855 0.213
"GCF_000022585.1_ASM2258v1" 39.0992 51.6267 0.2427
"GCA_000166455.2_ASM16645v2" 39.4535 51.4374 0.233
"GCF_000209675.1_ASM20967v1" 41.865 49.6221 0.1563
"GCF_000234745.1_ASM23474v1" 42.0995 49.59 0.151
"GCF_000006825.1_ASM682v1" 41.7 48.9735 0.1485
"GCA_000016485.1_ASM1648v1" 44.111 49.4416 0.1078
"GCF_000165525.1_ASM16552v1" 41.6018 49.6231 0.1616
"GCF_000210895.1_ASM21089v1" 40.1855 48.5826 0.1728
"GCA_000241025.2_ASM24102v2" 45.0326 45.8367 0.0175
"GCF_000022985.1_ASM2298v1" 42.8436 47.9512 0.1065
"GCF_000007745.1_ASM774v1" 40.715 47.5955 0.1446
"GCF_000017245.1_ASM1724v1" 41.2861 47.1028 0.1235
"GCF_000021885.1_ASM2188v1" 40.1605 51.2973 0.2171
"GCF_000007945.1_ASM794v1" 43.0974 50.2938 0.1431
"GCF_000015885.1_ASM1588v1" 39.1195 45.6044 0.1422
"GCF_000011785.1_ASM1178v1" 44.4659 52.7001 0.1562
"GCF_000027225.1_ASM2722v1" 40.9775 53.654 0.2363
"GCF_000252955.1_ASM25295v1" 41.2064 53.8777 0.2352
"GCF_000196155.1_ASM19615v1" 44.1394 54.8846 0.1958
"GCF_000069965.1_ASM6996v1" 42.1758 52.7583 0.2006
"GCF_000009345.1_ASM934v1" 41.2652 51.3884 0.197
"GCF_000222975.1_ASM22297v1" 42.6904 52.3626 0.1847
"GCF_000007885.1_ASM788v1" 42.6976 52.4014 0.1852
"GCF_000241955.1_ASM24195v1" 41.1504 47.9819 0.1424
"GCF_000187705.1_ASM18770v1" 40.5844 47.9993 0.1545
"GCA_000648575.1_ASM64857v1" 39.6258 47.8954 0.1727
"GCF_000018085.1_ASM1808v1" 39.6511 48.2422 0.1781
"GCF_000146305.1_ASM14630v1" 38.0137 48.6267 0.2183
"GCF_000022885.2_ASM2288v2" 38.5023 49.7206 0.2256
"GCA_000023545.1_ASM2354v1" 38.7367 49.8644 0.2232
"GCA_000023565.1_ASM2356v1" 38.0233 49.3871 0.2301
"GCF_000025065.1_ASM2506v1" 40.1116 49.9117 0.1963
"GCF_000147055.1_ASM14705v1" 39.8677 47.9079 0.1678
"GCF_000024645.1_ASM2464v1" 42.7473 51.4624 0.1693
"GCF_000011605.1_ASM1160v1" 41.9782 51.3545 0.1826
"GCF_000023605.1_ASM2360v1" 40.8244 50.246 0.1875
"GCF_000175935.2_ASM17593v2" 38.7002 47.6238 0.1874
"GCF_000233595.1_ASM23359v1" 41.0166 49.5289 0.1719
"GCF_000270125.2_ASM27012v2" 41.7357 49.7343 0.1608
"GCF_000148935.1_ASM14893v1" 40.0556 47.6736 0.1598
"GCF_000196615.1_ASM19661v1" 41.2356 47.7418 0.1363
"GCF_000026985.1_ASM2698v1" 40.9756 49.7294 0.176
"GCF_000017665.1_ASM1766v1" 38.088 46.69 0.1842
"GCF_000016325.1_ASM1632v1" 39.2639 48.9822 0.1984
"GCF_000025565.1_ASM2556v1" 37.1278 48.9465 0.2415
"GCA_000210775.1_ASM21077v1" 40.1265 47.8909 0.1621
"GCF_000164865.1_ASM16486v1" 38.373 47.5801 0.1935
"GCF_000215745.1_ASM21574v1" 36.1583 47.7294 0.2424
"GCF_000220485.1_ASM22048v1" 38.2479 48.0164 0.2034
"GCF_000019565.1_ASM1956v1" 37.7415 48.2169 0.2173
"GCF_000027085.1_ASM2708v1" 37.8508 48.4307 0.2185
"GCF_000026225.1_ASM2622v1" 38.6478 50.1339 0.2291
"GCF_000010765.1_ASM1076v1" 39.5546 50.362 0.2146
"GCF_000019425.1_ASM1942v1" 39.0667 49.2514 0.2068
"GCF_000012025.1_ASM1202v1" 38.9407 50.1763 0.2239
"GCF_000025165.1_ASM2516v1" 38.3505 49.9021 0.2315
"GCF_000014845.1_ASM1484v1" 37.6315 50.2053 0.2504
"GCF_000252875.1_ASM25287v1" 38.6079 49.5853 0.2214
"GCF_000235545.1_ASM23554v1" 38.6032 49.6481 0.2225
"GCF_000245535.1_ASM24553v1" 38.4476 50.089 0.2324
"GCF_000239975.1_ASM23997v1" 39.2233 48.6167 0.1932
"GCF_000240325.1_ASM24032v1" 38.4771 47.9268 0.1972
"GCA_000240185.2_ASM24018v2" 37.6496 48.2726 0.2201
"GCF_000233895.1_ASM23389v1" 38.245 49.5711 0.2285
"GCA_000308975.2_ASM30897v2" 48.5546 49.3963 0.017
"GCF_000252995.1_ASM25299v1" 38.7643 50.0677 0.2258
"GCF_000020705.1_ASM2070v1" 38.5172 49.6127 0.2236
"GCF_000018385.1_ASM1838v1" 37.9756 49.776 0.2371
"GCF_000020925.1_ASM2092v1" 38.3468 49.5995 0.2269
"GCF_000018045.1_ASM1804v1" 37.2857 48.3626 0.229
"GCF_000243075.1_ASM24307v1" 41.6369 47.0111 0.1143
"GCF_000023065.1_ASM2306v1" 39.865 49.2637 0.1908
"GCF_000196395.1_ASM19639v1" 40.6856 52.7191 0.2283
"GCF_000204115.1_ASM20411v1" 39.3459 50.9712 0.2281
"GCF_000014805.1_ASM1480v1" 39.4329 51.0735 0.2279
"GCF_000008465.1_ASM846v1" 44.543 52.6693 0.1543
"GCF_000014225.1_ASM1422v1" 45.0212 53.6474 0.1608
"GCF_000226565.1_ASM22656v1" 46.52 55.207 0.1574
"GCF_000213655.1_ASM21365v1" 45.2459 54.735 0.1734
"GCF_000020585.3_ASM2058v3" 44.59 54.6336 0.1838
"GCF_000012325.1_ASM1232v1" 44.1182 54.1266 0.1849
"GCF_000026085.1_ASM2608v1" 43.8575 49.0408 0.1057
"GCF_000184065.1_ASM18406v1" 43.1019 50.6727 0.1494
"GCF_000046845.1_ASM4684v1" 42.6483 51.9406 0.1789
"GCF_000226275.1_ASM22627v1" 41.3055 52.4539 0.2125
"GCF_000191145.1_ASM19114v1" 41.1942 52.1043 0.2094
"GCF_000196795.1_ASM19679v1" 41.7364 52.4631 0.2045
"GCA_000015425.1_ASM1542v1" 40.5295 52.3931 0.2264
"GCA_000069205.1_ASM6920v1" 40.7801 53.0412 0.2312
"GCF_000069245.1_ASM6924v1" 40.962 52.4628 0.2192
"GCF_000302495.1_RH4.0" 43.7298 50.1335 0.1277
"GCF_000012305.1_ASM1230v1" 45.547 50.6713 0.1011
"GCF_000013905.1_ASM1390v1" 45.4076 51.0087 0.1098
"GCF_000016885.1_ASM1688v1" 44.3927 50.6325 0.1232
"GCF_000198515.1_ASM19851v1" 51.1959 53.1397 0.0366
"GCF_000009365.1_ASM936v1" 46.4752 52.2239 0.1101
"GCF_000017285.1_ASM1728v1" 43.9977 54.1253 0.1871
"GCF_000192865.1_ASM19286v1" 42.213 56.1416 0.2481
"GCF_000214215.1_ASM21421v1" 42.6229 53.2495 0.1996
"GCF_000012985.1_ASM1298v1" 48.3393 53.0866 0.0894
"GCF_000015365.1_ASM1536v1" 44.2038 52.8394 0.1634
"GCF_000166295.1_ASM16629v1" 45.4998 54.2724 0.1616
"GCF_000196875.1_ASM19687v1" 44.8963 51.9818 0.1363
"GCF_000055785.1_ASM5578v1" 45.8058 51.9137 0.1177
"GCF_000327065.1_ASM32706v1" 44.2061 50.8759 0.1311
"GCF_000195105.1_ASM19510v1" 43.97 50.5286 0.1298
"GCF_000016565.1_ASM1656v1" 39.5521 48.6974 0.1878
"GCF_000204295.1_ASM20429v1" 39.9716 49.6427 0.1948
"GCF_000026105.1_ASM2610v1" 39.772 49.6765 0.1994
"GCF_000019445.1_ASM1944v1" 39.8592 50.7146 0.214
"GCF_000219705.1_ASM21970v1" 39.6876 49.6226 0.2002
"GCF_000012245.1_ASM1224v1" 42.5696 50.9275 0.1641
"GCF_000012205.1_ASM1220v1" 41.8673 51.5852 0.1884
"GCF_000213805.1_ASM21380v1" 40.9338 48.7332 0.16
"GCF_000237065.1_ASM23706v1" 41.7475 50.739 0.1772
"GCF_000292795.1_PF-R124.01" 40.985 48.5148 0.1552
"GCF_000012265.1_ASM1226v1" 40.5688 49.5321 0.181
"GCA_000009225.1_ASM922v1" 40.9988 49.7403 0.1757
"GCF_000012445.1_ASM1244v1" 39.4187 48.6794 0.1902
"GCF_000194805.1_ASM19480v1" 40.7683 50.7868 0.1973
"GCF_000226155.1_ASM22615v1" 40.9142 49.9366 0.1807
"GCF_000026645.1_ASM2664v1" 40.8976 50.2954 0.1869
"GCF_000021045.1_ASM2104v1" 44.9458 51.3356 0.1245
"GCF_000023025.1_ASM2302v1" 46.2131 53.7494 0.1402
"GCF_000013665.1_ASM1366v1" 46.8895 50.6368 0.074
"GCF_000019225.1_ASM1922v1" 45.0412 50.4574 0.1073
"GCF_000091785.1_ASM9178v1" 52.9697 56.7706 0.067
"GCF_000048645.1_ASM4864v1" 54.1684 57.0264 0.0501
"GCF_000239175.1_ASM23917v1" 54.0592 56.957 0.0509
"GCF_000007765.1_ASM776v1" 50.3659 53.39 0.0566
"GCF_000219045.1_ASM21904v1" 50.1414 57.532 0.1285
"GCF_000019285.1_ASM1928v1" 50.5797 57.1917 0.1156
"GCF_000195555.1_ASM19555v1" 49.9142 56.9864 0.1241
"GCF_000248435.1_ASM24843v1" 50.9966 57.1559 0.1078
"GCF_000017785.1_ASM1778v1" 50.0399 57.2069 0.1253
"GCF_000024725.1_ASM2472v1" 55.1983 55.6539 0.0082
"GCF_000012805.1_ASM1280v1" 55.12 55.902 0.014
"GCF_000143085.1_ASM14308v1" 54.6224 55.8806 0.0225
"GCF_000015585.1_ASM1558v1" 52.6105 54.7792 0.0396
"GCF_000014785.1_ASM1478v1" 51.945 53.3935 0.0271
"GCF_000008325.1_ASM832v1" 52.2139 53.1281 0.0172
"GCA_000242255.3_ASM24225v3" 43.9714 48.4916 0.0932
"GCA_000230695.3_ASM23069v3" 46.3151 49.9005 0.0719
"GCA_000233915.4_ASM23391v4" 44.493 48.0774 0.0746
"GCF_000225915.1_ASM22591v1" 42.2047 47.6331 0.114
"GCF_000221965.1_ASM22196v1" 43.2649 47.575 0.0906
"GCF_000007145.1_ASM714v1" 43.2003 48.0026 0.1
"GCF_000009165.1_ASM916v1" 42.2351 48.5763 0.1305
"GCF_000010025.1_ASM1002v1" 43.0132 49.1794 0.1254
"GCF_000185965.1_ASM18596v1" 44.134 47.9816 0.0802
"GCF_000072485.1_ASM7248v1" 39.1553 46.882 0.1648
"GCF_000019765.1_ASM1976v1" 52.0171 53.6814 0.031
"GCF_000327045.1_ASM32704v1" 52.7077 54.7274 0.0369
"GCA_000224005.3_ASM22400v3" 47.8743 51.6482 0.0731
"GCA_000227745.3_ASM22774v3" 50.9609 52.4825 0.029
"GCF_000025485.1_ASM2548v1" 48.1615 50.6868 0.0498
"GCF_000021985.1_ASM2198v1" 45.3755 50.9539 0.1095
"GCF_000025545.1_ASM2554v1" 47.1503 52.0052 0.0934
"GCA_000227685.3_ASM22768v3" 50.3224 53.5369 0.06
"GCF_000015345.1_ASM1534v1" 44.634 44.4109 -0.005
"GCF_000007705.1_ASM770v1" 39.775 47.8775 0.1692
"GCF_000283535.1_ASM28353v1" 40.4922 49.9825 0.1899
"GCF_000021025.1_ASM2102v1" 41.213 48.7673 0.1549
"GCF_000196295.1_ASM19629v1" 42.1254 49.5751 0.1503
"GCF_000020105.1_ASM2010v1" 42.7094 50.3905 0.1524
"GCF_000026965.1_ASM2696v1" 42.2567 49.8758 0.1528
"GCF_000024165.1_ASM2416v1" 52.0173 53.8369 0.0338
"GCF_000236665.1_ASM23666v1" 42.1358 48.8304 0.1371
"GCF_000012425.1_ASM1242v1" 43.6442 51.596 0.1541
"GCF_000025965.1_ASM2596v1" 48.2279 52.6457 0.0839
"GCF_000021765.1_ASM2176v1" 46.2905 52.4668 0.1177
"GCF_000061505.1_ASM6150v1" 45.4542 49.9868 0.0907
"GCF_000253115.1_ASM25311v1" 48.7479 51.3653 0.051
"GCF_000015725.1_ASM1572v1" 46.7351 51.5669 0.0937
"GCF_000019785.1_ASM1978v1" 44.0249 48.967 0.1009
"GCF_000013605.1_ASM1360v1" 48.0784 51.1988 0.0609
"GCF_000013865.1_ASM1386v1" 47.3556 51.6488 0.0831
"GCF_000015505.1_ASM1550v1" 46.8195 49.9178 0.0621
"GCF_000015565.1_ASM1556v1" 46.6437 50.2235 0.0713
"GCF_000176855.2_ASM17685v2" 44.5409 50.6803 0.1211
"GCF_000015325.1_ASM1532v1" 44.4681 51.3473 0.134
"GCF_000022305.1_ASM2230v1" 44.5351 49.8372 0.1064
"GCF_000179015.2_ASM17901v2" 45.7275 50.9257 0.1021
"GCF_000018665.1_ASM1866v1" 42.4047 48.7881 0.1308
"GCF_000023345.1_ASM2334v1" 44.7163 50.1797 0.1089
"GCF_000184745.1_ASM18474v1" 43.7229 50.3019 0.1308
"GCF_000215705.1_ASM21570v1" 47.9118 50.5064 0.0514
"GCF_000013625.1_ASM1362v1" 40.3511 48.3278 0.1651
"GCF_000026125.1_ASM2612v1" 41.9605 48.5822 0.1363
"GCF_000143225.1_ASM14322v1" 39.4631 47.1529 0.1631
"GCF_000221045.1_ASM22104v1" 41.9676 47.3144 0.113
"GCF_000016345.1_ASM1634v1" 44.1246 53.2923 0.172
"GCF_000019745.1_ASM1974v1" 45.526 53.0967 0.1426
"GCF_000196015.1_ASM19601v1" 40.6107 51.3139 0.2086
"GCA_000009285.2_ASM928v2" 40.6967 48.7722 0.1656
"GCF_000203875.1_ASM20387v1" 40.5011 50.2611 0.1942
"GCF_000020205.1_ASM2020v1" 40.833 49.9572 0.1826
"GCF_000009125.1_ASM912v1" 41.2348 49.6252 0.1691
"GCF_000215325.1_ASM21532v1" 41.1958 49.7462 0.1719
"GCF_000198775.1_ASM19877v1" 46.3427 53.3635 0.1316
"GCF_000020045.1_ASM2004v1" 40.3257 50.2638 0.1977
"GCF_000092885.1_ASM9288v1" 40.5716 49.9951 0.1885
"GCF_000176935.3_ASM17693v3" 41.4336 50.1615 0.174
"GCF_000148685.1_ASM14868v1" 40.9307 50.1063 0.1831
"GCF_000013645.1_ASM1364v1" 40.4742 50.5215 0.1989
"GCF_000236065.1_ASM23606v1" 41.059 48.743 0.1576
"GCF_000020125.1_ASM2012v1" 40.2405 49.7718 0.1915
"GCF_000022645.2_ASM2264v1" 41.6704 50.4186 0.1735
"GCF_000194745.1_ASM19474v1" 41.463 49.5375 0.163
"GCF_000010545.1_ASM1054v1" 39.8882 48.0901 0.1706
"GCF_000016205.1_ASM1620v1" 40.093 50.1037 0.1998
"GCF_000203955.1_ASM20395v1" 39.6901 48.2224 0.1769
"GCF_000009485.1_ASM948v1" 39.7363 48.206 0.1757
"GCF_000012945.1_ASM1294v1" 39.4213 48.5232 0.1876
"GCF_000019925.1_ASM1992v1" 40.0956 48.8702 0.1795
"GCF_000012365.1_ASM1236v1" 42.0237 49.004 0.1424
"GCF_000015465.1_ASM1546v1" 42.0155 48.6845 0.137
"GCF_000011545.1_ASM1154v1" 41.7716 48.9227 0.1462
"GCF_000209655.1_ASM20965v1" 46.7964 52.319 0.1056
"GCF_000070465.1_ASM7046v1" 42.9818 50.6218 0.1509
"GCF_000165835.1_ASM16583v1" 41.7482 48.2116 0.1341
"GCF_000195675.1_ASM19567v1" 43.9602 47.6409 0.0773
"GCF_000226625.1_ASM22662v1" 46.689 57.4553 0.1874
"GCF_000185745.1_ASM18574v1" 46.4856 57.8447 0.1964
"GCF_000012745.1_ASM1274v1" 48.5608 52.2068 0.0698
"GCF_000093025.1_ASM9302v1" 42.5518 51.0569 0.1666
"GCF_000023705.1_ASM2370v1" 41.3244 50.1395 0.1758
"GCF_000023745.1_ASM2374v1" 43.7698 49.484 0.1155
"GCF_000013705.1_ASM1370v1" 46.8154 52.851 0.1142
"GCF_000025705.1_ASM2570v1" 45.3841 50.7401 0.1056
"GCF_000145255.1_ASM14525v1" 44.8497 51.9804 0.1372
"GCF_000196355.1_ASM19635v1" 53.8905 55.7737 0.0338
"GCF_000175095.2_ASM17509v2" 54.9009 53.9962 -0.0168
"GCF_000219585.1_ASM21958v1" 54.1184 54.1208 0
"GCF_000009145.1_ASM914v1" 55.1 53.0482 -0.0387
"GCF_000014765.1_ASM1476v1" 56.1103 54.5645 -0.0283
"GCF_000014865.1_ASM1486v1" 47.5159 51.2264 0.0724
"GCF_000283515.1_ASM28351v1" 46.6587 50.6494 0.0788
"GCF_000091125.1_ASM9112v1" 42.7202 49.5648 0.1381
"GCF_000013005.1_ASM1300v1" 46.036 52.0367 0.1153
"GCF_000253255.1_ASM25325v1" 44.8423 52.8263 0.1511
"GCF_000013325.1_ASM1332v1" 44.2366 52.2802 0.1539
"GCF_000013985.1_ASM1398v1" 42.5646 48.4298 0.1211
"GCF_000218875.1_ASM21887v1" 47.3525 53.7384 0.1188
"GCF_000007105.1_ASM710v1" 45.1047 52.4152 0.1395
"GCF_000016765.1_ASM1676v1" 44.3332 48.1677 0.0796
"GCF_000024465.1_ASM2446v1" 48.1267 51.588 0.0671
"GCF_000226315.1_ASM22631v1" 39.255 46.7865 0.161
"GCF_000016185.1_ASM1618v1" 49.5819 50.7684 0.0234
"GCF_000010725.1_ASM1072v1" 44.7442 49.0803 0.0883
"GCA_000632475.2_ASM63247v2" 46.827 51.8411 0.0967
"GCF_000283655.1_ASM28365v1" 44.7751 48.669 0.08
"GCF_000009985.1_ASM998v1" 46.2064 49.171 0.0603
"GCF_000225955.1_ASM22595v1" 48.8255 48.0371 -0.0164
"GCF_000013085.1_ASM1308v1" 48.5236 48.1319 -0.0081
"GCF_000011685.1_ASM1168v1" 43.9277 51.5175 0.1473
"GCF_000021325.1_ASM2132v1" 45.0264 48.1951 0.0657
"GCF_000010965.1_ASM1096v1" 43.069 50.9284 0.1543
"GCF_000202835.1_ASM20283v1" 47.4632 52.1547 0.09
"GCF_000014285.1_ASM1428v1" 44.9596 50.7029 0.1133
"GCF_000152825.2_ASM15282v2" 52.3179 54.9325 0.0476
"GCF_000013025.1_ASM1302v1" 47.6615 51.5618 0.0756
"GCF_000023785.1_ASM2378v1" 44.4864 54.1461 0.1784
"GCF_000014745.1_ASM1474v1" 46.0432 50.5394 0.089
"GCF_000017265.1_ASM1726v1" 47.132 53.4261 0.1178
"GCF_000019145.1_ASM1914v1" 42.4584 50.2816 0.1556
"GCF_000092285.1_ASM9228v1" 40.8189 50.7914 0.1963
"GCF_000006905.1_ASM690v1" 40.8047 50.1861 0.1869
"GCF_000175215.2_ASM17521v2" 43.1914 51.2538 0.1573
"GCF_000144605.1_ASM14460v1" 44.39 49.6919 0.1067
"GCF_000016405.1_ASM1640v1" 47.3423 52.9049 0.1051
"GCF_000015985.1_ASM1598v1" 46.6556 51.6085 0.096
"GCF_000203895.1_ASM20389v1" 43.7503 47.4394 0.0778
"GCF_000021865.1_ASM2186v1" 42.9096 47.612 0.0988
"GCF_000164885.1_ASM16488v1" 41.655 47.4394 0.1219
"GCF_000223375.1_ASM22337v1" 42.3479 46.5833 0.0909
"GCF_000013565.1_ASM1356v1" 49.3425 53.1597 0.0718
"GCF_000011965.2_ASM1196v2" 42.7657 48.1569 0.112
"GCF_000511355.1_ASM51135v1" 43.3074 49.2956 0.1215
"GCF_000014065.1_ASM1406v1" 43.039 52.6014 0.1818
"GCF_000014045.1_ASM1404v1" 48.1565 51.9433 0.0729
"GCF_000017565.1_ASM1756v1" 46.7278 51.9269 0.1001
"GCF_000166055.1_ASM16605v1" 48.3448 52.3886 0.0772
"GCA_000230975.3_ASM23097v3" 48.5644 53.8502 0.0982
"GCF_000143145.1_ASM14314v1" 46.6868 51.4254 0.0921
"GCF_000253295.1_ASM25329v1" 47.1942 52.9152 0.1081
"GCF_000230555.1_ASM23055v1" 48.2914 52.949 0.088
"GCF_000192745.1_ASM19274v1" 47.4841 52.1194 0.0889
"GCF_000236645.1_ASM23664v1" 41.0308 52.2168 0.2142
"GCF_000014245.1_ASM1424v1" 49.8878 54.8476 0.0904
"GCF_000009625.1_ASM962v1" 45.8507 52.0625 0.1193
"GCF_000176035.2_ASM17603v2" 45.8382 51.6493 0.1125
"GCA_000230995.3_ASM23099v3" 48.5536 51.8301 0.0632
"GCF_000185905.1_ASM18590v1" 45.2935 51.3781 0.1184
"GCF_000017405.1_ASM1740v1" 43.5221 51.7301 0.1587
"GCF_000227645.1_ASM22764v1" 43.8441 49.6987 0.1178
"GCF_000192725.1_ASM19272v1" 43.7009 49.6441 0.1197
"GCF_000018545.1_ASM1854v1" 44.9215 53.603 0.162
"GCF_000017145.1_ASM1714v1" 45.6983 54.5053 0.1616
"GCA_000147775.3_ASM14777v3" 45.3469 53.9687 0.1598
"GCF_000016285.1_ASM1628v1" 45.0439 52.0951 0.1354
"GCF_000192635.1_ASM19263v1" 44.1514 52.5939 0.1605
"GCF_000092025.1_ASM9202v1" 45.077 52.1501 0.1356
"GCF_000021345.1_ASM2134v1" 44.8075 51.6729 0.1329
"GCF_000020265.1_ASM2026v1" 44.5952 52.0438 0.1431
"GCF_000092045.1_ASM9204v1" 44.8663 52.4412 0.1444
"GCF_000023185.1_ASM2318v1" 45.4299 52.5479 0.1355
"GCF_000520875.1_ASM52087v1" 46.26 51.9674 0.1098
"GCF_000517605.1_ASM51760v1" 45.8862 52.1747 0.1205
"GCF_000009265.1_ASM926v1" 45.2438 52.4292 0.137
"GCF_000016265.1_ASM1626v1" 43.6584 52.1466 0.1628
"GCF_000019365.1_ASM1936v1" 51.9968 55.8951 0.0697
"GCF_000022085.1_ASM2208v1" 50.7229 55.3346 0.0833
"GCF_000019725.1_ASM1972v1" 50.8008 55.1998 0.0797
"GCF_000019945.1_ASM1994v1" 51.234 54.372 0.0577
"GCF_000021845.1_ASM2184v1" 50.1397 54.7913 0.0849
"GCF_000019845.1_ASM1984v1" 47.9264 52.9424 0.0947
"GCF_000021745.1_ASM2174v1" 46.726 50.5392 0.0755
"GCF_000092925.1_ASM9292v1" 48.3718 50.6742 0.0454
"GCF_000017645.1_ASM1764v1" 49.0454 51.7457 0.0522
"GCF_000010525.1_ASM1052v1" 49.7963 50.393 0.0118
"GCF_000218585.1_ASM21858v1" 48.3926 52.0431 0.0701
"GCF_000013885.1_ASM1388v1" 49.2534 53.9033 0.0863
"GCF_000012725.1_ASM1272v1" 50.1687 53.3833 0.0602
"GCF_000020445.1_ASM2044v1" 45.5324 50.5159 0.0987
"GCF_000177255.2_ASM17725v2" 47.3453 50.4997 0.0625
"GCF_000013685.1_ASM1368v1" 46.4123 50.2036 0.0755
"GCF_000013365.1_ASM1336v1" 45.9032 49.1347 0.0658
"GCF_000014825.1_ASM1482v1" 46.945 50.0704 0.0624
"GCF_000013745.1_ASM1374v1" 46.6468 49.8339 0.064
"GCF_000015165.1_ASM1516v1" 47.3737 51.0709 0.0724
"GCF_000026145.1_ASM2614v1" 48.1914 50.6663 0.0488
"GCF_000011365.1_ASM1136v1" 48.3908 52.9568 0.0862
"GCF_000284375.1_ASM28437v1" 48.2726 52.7179 0.0843
